// MilkShape 3D ASCII

Frames: 30
Frame: 1

Meshes: 3
"Background" 0 0
16
0 -2.000000 2.000000 0.000000 0.000000 0.000000 -1
0 2.000000 2.000000 0.000000 0.000000 0.000000 -1
0 4.000000 4.000000 6.000000 0.000000 0.000000 -1
0 -4.000000 4.000000 6.000000 0.000000 0.000000 -1
0 -4.000000 -4.000000 6.000000 0.000000 0.000000 -1
0 -2.000000 -2.000000 0.000000 0.000000 0.000000 -1
0 4.000000 -4.000000 6.000000 0.000000 0.000000 -1
0 2.000000 -2.000000 0.000000 0.000000 0.000000 -1
0 -21.000000 21.000000 6.000000 0.000000 0.000000 -1
0 -23.000000 23.000000 0.000000 0.000000 0.000000 -1
0 -23.000000 -24.000000 0.000000 0.000000 0.000000 -1
0 -21.000000 -22.000000 6.000000 0.000000 0.000000 -1
0 24.000000 -24.000000 0.000000 0.000000 0.000000 -1
0 22.000000 -22.000000 6.000000 0.000000 0.000000 -1
0 24.000000 23.000000 0.000000 0.000000 0.000000 -1
0 22.000000 21.000000 6.000000 0.000000 0.000000 -1
15
0.639602 -0.639602 0.426401
-0.816497 -0.408248 0.408248
-0.131927 -0.263854 0.955498
0.016177 -0.149519 0.988626
0.370775 0.013872 0.928619
0.408248 0.816497 0.408248
-0.231947 0.335372 0.913086
-0.639602 0.639602 0.426401
-0.370775 0.013872 0.928619
-0.408248 0.816497 0.408248
-0.639602 -0.639602 0.426401
-0.012885 -0.012885 0.999834
0.394224 -0.394224 0.830166
0.816497 0.408248 0.408248
0.013872 0.370775 0.928619
16
0 0 1 2 0 1 2 1
0 2 3 0 2 3 0 1
0 0 3 4 0 3 4 1
0 4 5 0 4 5 0 1
0 5 4 6 5 4 6 1
0 6 7 5 6 7 5 1
0 6 2 1 6 2 1 1
0 1 7 6 1 7 6 1
0 8 9 10 8 9 10 1
0 10 11 8 10 11 8 1
0 10 12 13 10 0 12 1
0 13 11 10 12 11 10 1
0 13 12 14 12 0 13 1
0 14 15 13 13 14 12 1
0 15 14 9 14 13 9 1
0 9 8 15 9 8 14 1
"Inline" 0 1
16
0 4.000000 -4.000000 6.000000 0.000000 0.000000 -1
0 6.000000 -6.000000 5.000000 0.000000 0.000000 -1
0 6.000000 6.000000 5.000000 0.000000 0.000000 -1
0 4.000000 4.000000 6.000000 0.000000 0.000000 -1
0 -6.000000 6.000000 5.000000 0.000000 0.000000 -1
0 -4.000000 4.000000 6.000000 0.000000 0.000000 -1
0 -6.000000 -6.000000 5.000000 0.000000 0.000000 -1
0 -4.000000 -4.000000 6.000000 0.000000 0.000000 -1
0 20.000000 -20.000000 5.000000 0.000000 0.000000 -1
0 -19.000000 -20.000000 5.000000 0.000000 0.000000 -1
0 -21.000000 -22.000000 6.000000 0.000000 0.000000 -1
0 22.000000 -22.000000 6.000000 0.000000 0.000000 -1
0 22.000000 21.000000 6.000000 0.000000 0.000000 -1
0 20.000000 19.000000 5.000000 0.000000 0.000000 -1
0 -21.000000 21.000000 6.000000 0.000000 0.000000 -1
0 -19.000000 19.000000 5.000000 0.000000 0.000000 -1
16
-0.231947 0.335372 0.913086
0.077499 -0.154998 0.984870
0.154998 0.077499 0.984870
-0.131927 -0.263854 0.955498
-0.077499 0.154998 0.984870
0.016177 -0.149519 0.988626
-0.154998 -0.077499 0.984870
0.370775 0.013872 0.928619
-0.133532 0.133532 0.982007
0.092582 0.092582 0.991391
-0.012885 -0.012885 0.999834
0.394224 -0.394224 0.830166
0.013872 0.370775 0.928619
-0.077499 -0.154998 0.984870
-0.370775 0.013872 0.928619
0.154998 -0.077499 0.984870
16
0 0 1 2 0 1 2 1
0 2 3 0 2 3 0 1
0 3 2 4 3 2 4 1
0 4 5 3 4 5 3 1
0 5 4 6 5 4 6 1
0 6 7 5 6 7 5 1
0 7 6 1 7 6 1 1
0 1 0 7 1 0 7 1
0 8 9 10 8 9 10 1
0 10 11 8 10 11 8 1
0 8 11 12 8 11 12 1
0 12 13 8 12 13 8 1
0 13 12 14 13 12 14 1
0 14 15 13 14 15 13 1
0 15 14 10 15 14 10 1
0 10 9 15 10 9 15 1
"Colour" 0 2
8
0 6.000000 -6.000000 5.000000 0.068068 0.638065 -1
0 20.000000 -20.000000 5.000000 0.082094 0.983972 -1
0 20.000000 19.000000 5.000000 0.082094 0.020372 -1
0 6.000000 6.000000 5.000000 0.068068 0.341573 -1
0 -19.000000 19.000000 5.000000 0.043021 0.020372 -1
0 -6.000000 6.000000 5.000000 0.056045 0.341573 -1
0 -19.000000 -20.000000 5.000000 0.043021 0.983972 -1
0 -6.000000 -6.000000 5.000000 0.056045 0.638065 -1
8
0.077499 -0.154998 0.984870
-0.133532 0.133532 0.982007
-0.077499 -0.154998 0.984870
0.154998 0.077499 0.984870
0.154998 -0.077499 0.984870
-0.077499 0.154998 0.984870
0.092582 0.092582 0.991391
-0.154998 -0.077499 0.984870
8
0 0 1 2 0 1 2 1
0 2 3 0 2 3 0 1
0 3 2 4 3 2 4 1
0 4 5 3 4 5 3 1
0 4 6 5 4 6 5 1
0 5 6 7 5 6 7 1
0 7 6 1 7 6 1 1
0 1 0 7 1 0 7 1

Materials: 3
"Background"
1.000000 1.000000 1.000000 1.000000
1.000000 1.000000 1.000000 1.000000
0.000000 0.000000 0.000000 1.000000
0.000000 0.000000 0.000000 1.000000
0.000000
1.000000
"Tex/Black.png"
""
"Inline"
1.000000 1.000000 1.000000 1.000000
1.000000 1.000000 1.000000 1.000000
0.000000 0.000000 0.000000 1.000000
0.000000 0.000000 0.000000 1.000000
0.000000
1.000000
"Tex/White.png"
""
"Colour"
1.000000 1.000000 1.000000 1.000000
1.000000 1.000000 1.000000 1.000000
0.000000 0.000000 0.000000 1.000000
0.000000 0.000000 0.000000 1.000000
0.000000
1.000000
"Tex/Arrow Colours.png"
""

Bones: 0
GroupComments: 0
MaterialComments: 0
BoneComments: 0
ModelComment: 0
