// MilkShape 3D ASCII

Frames: 30
Frame: 1

Meshes: 3
"Background" 0 0
20
0 -11.000000 23.000000 0.000000 0.000000 0.000000 -1
0 -9.000000 22.000000 6.000000 0.000000 0.000000 -1
0 0.000000 31.000000 6.000000 0.000000 0.000000 -1
0 0.000000 34.000000 0.000000 0.000000 0.000000 -1
0 11.000000 23.000000 0.000000 0.000000 0.000000 -1
0 9.000000 22.000000 6.000000 0.000000 0.000000 -1
0 -11.000000 7.000000 0.000000 0.000000 0.000000 -1
0 -9.000000 2.000000 6.000000 0.000000 0.000000 -1
0 -19.000000 12.000000 6.000000 0.000000 0.000000 -1
0 -19.000000 15.000000 0.000000 0.000000 0.000000 -1
0 -34.000000 0.000000 0.000000 0.000000 0.000000 -1
0 -31.000000 0.000000 6.000000 0.000000 0.000000 -1
0 0.000000 -34.000000 0.000000 0.000000 0.000000 -1
0 0.000000 -31.000000 6.000000 0.000000 0.000000 -1
0 34.000000 0.000000 0.000000 0.000000 0.000000 -1
0 31.000000 0.000000 6.000000 0.000000 0.000000 -1
0 19.000000 15.000000 0.000000 0.000000 0.000000 -1
0 19.000000 12.000000 6.000000 0.000000 0.000000 -1
0 11.000000 7.000000 0.000000 0.000000 0.000000 -1
0 9.000000 2.000000 6.000000 0.000000 0.000000 -1
19
-0.809274 0.472841 0.348565
-0.545541 0.109737 0.830869
0.000000 0.282934 0.959139
0.000000 0.894427 0.447214
0.866450 0.357590 0.348415
0.123761 0.107751 0.986445
-0.289968 0.685464 0.667876
0.002210 0.014982 0.999885
0.000000 0.548925 0.835872
-0.857143 0.285714 0.428571
-0.274483 -0.242589 0.930489
-0.285714 -0.857143 0.428571
0.140853 -0.167746 0.975716
0.857143 -0.285714 0.428571
0.435560 0.207858 0.875832
0.285714 0.857143 0.428571
-0.242589 0.274483 0.930489
-0.226194 0.784068 0.577992
0.353429 0.016223 0.935321
20
0 0 1 2 0 1 2 1
0 0 2 3 0 2 3 1
0 3 2 4 3 2 4 1
0 4 2 5 4 2 5 1
0 1 0 6 1 0 6 1
0 6 7 1 6 7 1 1
0 7 6 8 7 6 8 1
0 8 6 9 8 6 3 1
0 8 10 11 8 9 10 1
0 8 9 10 8 3 9 1
0 11 10 12 10 9 11 1
0 12 13 11 11 12 10 1
0 13 12 14 12 11 13 1
0 14 15 13 13 14 12 1
0 15 14 16 14 13 15 1
0 16 17 15 15 16 14 1
0 17 16 18 16 15 17 1
0 18 19 17 17 18 16 1
0 19 18 4 18 17 4 1
0 4 5 19 4 5 18 1
"Inline" 0 1
20
0 0.000000 -31.000000 6.000000 0.000000 0.000000 -1
0 31.000000 0.000000 6.000000 0.000000 0.000000 -1
0 28.000000 0.000000 5.000000 0.000000 0.000000 -1
0 0.000000 -28.000000 5.000000 0.000000 0.000000 -1
0 -28.000000 0.000000 5.000000 0.000000 0.000000 -1
0 -31.000000 0.000000 6.000000 0.000000 0.000000 -1
0 19.000000 12.000000 6.000000 0.000000 0.000000 -1
0 19.000000 9.000000 5.000000 0.000000 0.000000 -1
0 9.000000 2.000000 6.000000 0.000000 0.000000 -1
0 7.000000 -3.000000 5.000000 0.000000 0.000000 -1
0 9.000000 22.000000 6.000000 0.000000 0.000000 -1
0 7.000000 21.000000 5.000000 0.000000 0.000000 -1
0 0.000000 31.000000 6.000000 0.000000 0.000000 -1
0 0.000000 28.000000 5.000000 0.000000 0.000000 -1
0 -7.000000 21.000000 5.000000 0.000000 0.000000 -1
0 -9.000000 22.000000 6.000000 0.000000 0.000000 -1
0 -9.000000 2.000000 6.000000 0.000000 0.000000 -1
0 -7.000000 -3.000000 5.000000 0.000000 0.000000 -1
0 -19.000000 9.000000 5.000000 0.000000 0.000000 -1
0 -19.000000 12.000000 6.000000 0.000000 0.000000 -1
20
0.140853 -0.167746 0.975716
0.435560 0.207858 0.875832
-0.209888 0.000000 0.977725
0.000000 0.124419 0.992230
0.188089 0.062696 0.980149
-0.274483 -0.242589 0.930489
-0.242589 0.274483 0.930489
0.078640 -0.235921 0.968585
0.353429 0.016223 0.935321
-0.076782 -0.039045 0.996283
0.123761 0.107751 0.986445
-0.269535 -0.154761 0.950473
0.000000 0.282934 0.959139
0.000000 -0.124419 0.992230
0.307290 -0.123746 0.943536
-0.545541 0.109737 0.830869
0.002210 0.014982 0.999885
0.021404 -0.044293 0.998789
0.000000 -0.252680 0.967550
0.000000 0.548925 0.835872
20
0 0 1 2 0 1 2 1
0 0 2 3 0 2 3 1
0 0 3 4 0 3 4 1
0 4 5 0 4 5 0 1
0 2 1 6 2 1 6 1
0 6 7 2 6 7 2 1
0 7 6 8 7 6 8 1
0 8 9 7 8 9 7 1
0 9 8 10 9 8 10 1
0 10 11 9 10 11 9 1
0 11 10 12 11 10 12 1
0 12 13 11 12 13 11 1
0 13 12 14 13 12 14 1
0 14 12 15 14 12 15 1
0 14 15 16 14 15 16 1
0 16 17 14 16 17 14 1
0 18 17 16 18 17 16 1
0 16 19 18 16 19 18 1
0 18 19 5 18 19 5 1
0 5 4 18 5 4 18 1
"Font" 0 2
10
0 -7.000000 -3.000000 5.000000 0.057719 0.550598 -1
0 -19.000000 9.000000 5.000000 0.051921 0.345520 -1
0 -28.000000 0.000000 5.000000 0.047572 0.499328 -1
0 0.000000 -28.000000 5.000000 0.061102 0.977844 -1
0 7.000000 -3.000000 5.000000 0.064484 0.550598 -1
0 28.000000 0.000000 5.000000 0.074631 0.499328 -1
0 19.000000 9.000000 5.000000 0.070282 0.345520 -1
0 7.000000 21.000000 5.000000 0.064484 0.140442 -1
0 0.000000 28.000000 5.000000 0.061102 0.020813 -1
0 -7.000000 21.000000 5.000000 0.057719 0.140442 -1
10
0.021404 -0.044293 0.998789
0.000000 -0.252680 0.967550
0.188089 0.062696 0.980149
0.000000 0.124419 0.992230
-0.076782 -0.039045 0.996283
-0.209888 0.000000 0.977725
0.078640 -0.235921 0.968585
-0.269535 -0.154761 0.950473
0.000000 -0.124419 0.992230
0.307290 -0.123746 0.943536
8
0 0 1 2 0 1 2 1
0 2 3 0 2 3 0 1
0 0 3 4 0 3 4 1
0 4 3 5 4 3 5 1
0 5 6 4 5 6 4 1
0 7 8 4 7 8 4 1
0 4 8 0 4 8 0 1
0 0 8 9 0 8 9 1

Materials: 3
"Background"
1.000000 1.000000 1.000000 1.000000
1.000000 1.000000 1.000000 1.000000
0.000000 0.000000 0.000000 1.000000
0.000000 0.000000 0.000000 1.000000
0.000000
1.000000
"Tex/Black.png"
""
"Inline"
1.000000 1.000000 1.000000 1.000000
1.000000 1.000000 1.000000 1.000000
0.000000 0.000000 0.000000 1.000000
0.000000 0.000000 0.000000 1.000000
0.000000
1.000000
"Tex/White.png"
""
"Colour"
1.000000 1.000000 1.000000 1.000000
1.000000 1.000000 1.000000 1.000000
0.000000 0.000000 0.000000 1.000000
0.000000 0.000000 0.000000 1.000000
0.000000
1.000000
"Tex/Arrow Colours.png"
""

Bones: 0
GroupComments: 0
MaterialComments: 0
BoneComments: 0
ModelComment: 0
