// MilkShape 3D ASCII

Frames: 30
Frame: 1

Meshes: 1
"OutFoxNote" 0 0
27
0 -10.000001 28.000000 0.000000 0.875000 0.062500 -1
0 -7.750001 25.750000 6.000000 0.875000 0.062500 -1
0 7.749998 25.750000 6.000000 0.875000 0.062500 -1
0 9.999998 28.000000 0.000000 0.875000 0.062500 -1
0 7.749998 2.250000 6.000000 0.875000 0.062500 -1
0 9.999998 7.500000 0.000000 0.875000 0.062500 -1
0 16.749998 11.250000 6.000000 0.875000 0.062500 -1
0 16.749998 14.250000 0.000000 0.875000 0.062500 -1
0 26.749998 1.250000 6.000000 0.875000 0.062500 -1
0 29.749998 1.250000 0.000000 0.875000 0.062500 -1
0 -0.000002 -25.500000 6.000000 0.875000 0.062500 -1
0 -0.000002 -28.500000 0.000000 0.875000 0.062500 -1
0 -26.750000 1.250000 6.000000 0.875000 0.062500 -1
0 -29.750000 1.250000 0.000000 0.875000 0.062500 -1
0 -16.750000 11.250000 6.000000 0.875000 0.062500 -1
0 -16.750000 14.250000 0.000000 0.875000 0.062500 -1
0 -7.750001 2.250000 6.000000 0.875000 0.062500 -1
0 -10.000001 7.500000 0.000000 0.875000 0.062500 -1
0 7.749998 2.250000 6.000000 0.477859 0.062500 -1
0 -7.750001 25.750000 6.000000 0.272141 0.062500 -1
0 -7.750001 2.250000 6.000000 0.272141 0.062500 -1
0 -16.750000 11.250000 6.000000 0.152691 0.062500 -1
0 -26.750000 1.250000 6.000000 0.019969 0.062500 -1
0 -0.000002 -25.500000 6.000000 0.375000 0.062500 -1
0 26.749998 1.250000 6.000000 0.730031 0.062500 -1
0 16.749998 11.250000 6.000000 0.597309 0.062500 -1
0 7.749998 25.750000 6.000000 0.477859 0.062500 -1
16
-0.624700 0.624700 0.468500
-0.463500 0.463500 0.755100
0.463500 0.463500 0.755100
0.624700 0.624700 0.468500
0.039800 0.095200 0.994700
0.268600 0.672700 0.689400
0.000000 0.665200 0.746700
0.000000 0.894400 0.447200
0.665200 0.000000 0.746700
0.894400 0.000000 0.447200
0.000000 -0.665200 0.746700
0.000000 -0.894400 0.447200
-0.665200 0.000000 0.746700
-0.894400 0.000000 0.447200
-0.039800 0.095200 0.994700
-0.268600 0.672700 0.689400
25
0 0 1 2 0 1 2 1
0 0 2 3 0 2 3 1
0 3 2 4 3 2 4 1
0 3 4 5 3 4 5 1
0 5 4 6 5 4 6 1
0 5 6 7 5 6 7 1
0 7 6 8 7 6 8 1
0 7 8 9 7 8 9 1
0 9 8 10 9 8 10 1
0 9 10 11 9 10 11 1
0 11 10 12 11 10 12 1
0 11 12 13 11 12 13 1
0 13 12 14 13 12 6 1
0 13 14 15 13 6 7 1
0 15 14 16 7 6 14 1
0 15 16 17 7 14 15 1
0 17 16 1 15 14 1 1
0 17 1 0 15 1 0 1
0 18 19 20 4 1 14 1
0 20 21 22 14 6 12 1
0 22 23 20 12 10 14 1
0 23 24 18 10 8 4 1
0 20 23 18 14 10 4 1
0 24 25 18 8 6 4 1
0 18 26 19 4 2 1 1

//Materials: 1
//"OutFoxNote"
//0.000000 0.000000 0.000000 1.000000
//1.000000 1.000000 1.000000 1.000000
//1.000000 1.000000 1.000000 1.000000
//0.000000 0.000000 0.000000 1.000000
//0.000000
//1.000000
//"Textures/NoteBody.png"
//""

Bones: 0
GroupComments: 0
MaterialComments: 0
BoneComments: 0
ModelComment: 0
