// MilkShape 3D ASCII

Frames: 30
Frame: 1

Meshes: 1
"OutFoxLift" 0 0
50
0 23.999998 7.500000 6.000000 0.750000 0.457286 -1
0 -0.000000 -18.000000 6.000000 0.750000 0.602512 -1
0 -0.000000 -21.000000 0.000000 0.750000 0.619598 -1
0 27.500000 8.000000 0.000000 0.750000 0.454439 -1
0 20.000000 10.000000 6.000000 0.750000 0.443049 -1
0 22.499998 11.000000 0.000000 0.750000 0.437354 -1
0 16.304008 13.895888 6.000000 0.750000 0.420861 -1
0 17.500000 16.000000 0.000000 0.750000 0.408878 -1
0 13.999999 18.000000 6.000000 0.750000 0.397488 -1
0 15.000002 21.000000 0.000000 0.750000 0.380402 -1
0 0.000000 15.791421 6.000000 0.750000 0.410066 -1
0 -0.000000 18.500000 0.000000 0.750000 0.394640 -1
0 -15.000002 21.000000 0.000000 0.750000 0.380402 -1
0 -13.999993 18.000000 6.000000 0.750000 0.397488 -1
0 -17.500000 16.000000 0.000000 0.750000 0.408878 -1
0 -16.304005 13.895888 6.000000 0.750000 0.420861 -1
0 -22.499998 11.000000 0.000000 0.750000 0.437354 -1
0 -19.999994 10.000000 6.000000 0.750000 0.443049 -1
0 -27.500000 8.000000 0.000000 0.750000 0.454439 -1
0 -23.999998 7.500000 6.000000 0.750000 0.457286 -1
0 0.000000 15.791421 6.000000 0.250000 0.071124 -1
0 -13.999993 18.000000 6.000000 0.250000 0.011142 -1
0 -0.000000 -18.000000 6.000000 0.250000 0.988858 -1
0 -19.999994 10.000000 6.000000 0.250000 0.228412 -1
0 -23.999998 7.500000 6.000000 0.250000 0.296309 -1
0 23.999998 7.500000 6.000000 0.250000 0.296309 -1
0 20.000000 10.000000 6.000000 0.250000 0.228412 -1
0 16.304008 13.895888 6.000000 0.250000 0.122604 -1
0 13.999999 18.000000 6.000000 0.250000 0.011142 -1
0 -16.304005 13.895888 6.000000 0.250000 0.122604 -1
0 23.999998 7.500000 -6.000000 0.750000 0.457286 -1
0 -0.000000 -18.000000 -6.000000 0.750000 0.602512 -1
0 20.000000 10.000000 -6.000000 0.750000 0.443049 -1
0 16.304008 13.895888 -6.000000 0.750000 0.420861 -1
0 13.999999 18.000000 -6.000000 0.750000 0.397488 -1
0 0.000000 15.791421 -6.000000 0.750000 0.410066 -1
0 -13.999993 18.000000 -6.000000 0.750000 0.397488 -1
0 -16.304005 13.895888 -6.000000 0.750000 0.420861 -1
0 -19.999994 10.000000 -6.000000 0.750000 0.443049 -1
0 -23.999998 7.500000 -6.000000 0.750000 0.457286 -1
0 0.000000 15.791421 -6.000000 0.250000 0.071124 -1
0 -0.000000 -18.000000 -6.000000 0.250000 0.988858 -1
0 -13.999993 18.000000 -6.000000 0.250000 0.011142 -1
0 -19.999994 10.000000 -6.000000 0.250000 0.228412 -1
0 -23.999998 7.500000 -6.000000 0.250000 0.296309 -1
0 20.000000 10.000000 -6.000000 0.250000 0.228412 -1
0 23.999998 7.500000 -6.000000 0.250000 0.296309 -1
0 16.304008 13.895888 -6.000000 0.250000 0.122604 -1
0 13.999999 18.000000 -6.000000 0.250000 0.011142 -1
0 -16.304005 13.895888 -6.000000 0.250000 0.122604 -1
30
0.647200 0.082800 0.757800
0.000000 -0.662600 0.748900
0.000000 -1.000000 0.000000
0.991200 0.132000 0.000000
0.337800 0.410800 0.846800
0.610000 0.792400 0.000000
0.426700 0.319800 0.845900
0.816800 0.577000 0.000000
0.304200 0.564600 0.767200
0.427700 0.903900 0.000000
0.000000 0.498500 0.866800
0.000000 1.000000 0.000000
-0.427700 0.903900 0.000000
-0.304200 0.564600 0.767200
-0.816800 0.577000 0.000000
-0.426700 0.319800 0.845900
-0.610000 0.792400 0.000000
-0.337800 0.410800 0.846800
-0.991200 0.132000 0.000000
-0.647200 0.082800 0.757800
0.647200 0.082800 -0.757800
0.000000 -0.662600 -0.748900
0.337800 0.410800 -0.846800
0.426700 0.319800 -0.845900
0.304200 0.564600 -0.767200
0.000000 0.498500 -0.866800
-0.304200 0.564600 -0.767200
-0.426700 0.319800 -0.845900
-0.337800 0.410800 -0.846800
-0.647200 0.082800 -0.757800
56
0 0 1 2 0 1 2 1
0 0 2 3 0 2 3 1
0 4 0 3 4 0 3 1
0 4 3 5 4 3 5 1
0 6 4 5 6 4 5 1
0 6 5 7 6 5 7 1
0 8 6 7 8 6 7 1
0 8 7 9 8 7 9 1
0 10 8 9 10 8 9 1
0 10 9 11 10 9 11 1
0 10 11 12 10 11 12 1
0 10 12 13 10 12 13 1
0 13 12 14 13 12 14 1
0 13 14 15 13 14 15 1
0 15 14 16 15 14 16 1
0 15 16 17 15 16 17 1
0 17 16 18 17 16 18 1
0 17 18 19 17 18 19 1
0 19 18 2 19 18 2 1
0 19 2 1 19 2 1 1
0 20 21 22 10 13 1 1
0 23 24 22 17 19 1 1
0 22 25 26 1 0 4 1
0 27 28 22 6 8 1 1
0 26 27 22 4 6 1 1
0 22 29 23 1 15 17 1
0 21 29 22 13 15 1 1
0 28 20 22 8 10 1 1
0 30 3 2 20 3 2 1
0 30 2 31 20 2 21 1
0 32 5 3 22 5 3 1
0 32 3 30 22 3 20 1
0 33 7 5 23 7 5 1
0 33 5 32 23 5 22 1
0 34 9 7 24 9 7 1
0 34 7 33 24 7 23 1
0 35 11 9 25 11 9 1
0 35 9 34 25 9 24 1
0 35 36 12 25 26 12 1
0 35 12 11 25 12 11 1
0 36 37 14 26 27 14 1
0 36 14 12 26 14 12 1
0 37 38 16 27 28 16 1
0 37 16 14 27 16 14 1
0 38 39 18 28 29 18 1
0 38 18 16 28 18 16 1
0 39 31 2 29 21 2 1
0 39 2 18 29 2 18 1
0 40 41 42 25 21 26 1
0 43 41 44 28 21 29 1
0 41 45 46 21 22 20 1
0 47 41 48 23 21 24 1
0 45 41 47 22 21 23 1
0 41 43 49 21 28 27 1
0 42 41 49 26 21 27 1
0 48 41 40 24 21 25 1

Materials: 1
"OutFoxLift"
0.000000 0.000000 0.000000 1.000000
1.000000 1.000000 1.000000 1.000000
1.000000 1.000000 1.000000 1.000000
0.000000 0.000000 0.000000 1.000000
0.000000
1.000000
"Textures/LiftBody.png"
""

Bones: 0
GroupComments: 0
MaterialComments: 0
BoneComments: 0
ModelComment: 0
