// MilkShape 3D ASCII

Frames: 30
Frame: 1

Meshes: 1
"OutFoxNote" 0 0
45
0 -9.999998 28.000000 0.000001 0.875000 0.062500 -1
0 -7.750001 25.750000 6.000000 0.875000 0.062500 -1
0 7.749998 25.750000 6.000000 0.875000 0.062500 -1
0 9.999998 28.000000 0.000000 0.875000 0.062500 -1
0 7.749998 2.250000 6.000000 0.875000 0.062500 -1
0 9.999998 7.500000 0.000000 0.875000 0.062500 -1
0 16.749998 11.250000 6.000000 0.875000 0.062500 -1
0 16.749998 14.250000 0.000000 0.875000 0.062500 -1
0 26.749998 1.250000 6.000000 0.875000 0.062500 -1
0 29.749998 1.250000 0.000000 0.875000 0.062500 -1
0 -0.000002 -25.500000 6.000000 0.875000 0.062500 -1
0 -0.000002 -28.500000 0.000000 0.875000 0.062500 -1
0 -26.750000 1.250000 6.000000 0.875000 0.062500 -1
0 -29.749998 1.250000 0.000003 0.875000 0.062500 -1
0 -16.750000 11.250000 6.000000 0.875000 0.062500 -1
0 -16.749998 14.250000 0.000001 0.875000 0.062500 -1
0 -7.750001 2.250000 6.000000 0.875000 0.062500 -1
0 -9.999998 7.500000 0.000001 0.875000 0.062500 -1
0 7.749998 2.250000 6.000000 0.477859 0.062500 -1
0 -7.750001 25.750000 6.000000 0.272141 0.062500 -1
0 -7.750001 2.250000 6.000000 0.272141 0.062500 -1
0 -16.750000 11.250000 6.000000 0.152691 0.062500 -1
0 -26.750000 1.250000 6.000000 0.019969 0.062500 -1
0 -0.000002 -25.500000 6.000000 0.375000 0.062500 -1
0 26.749998 1.250000 6.000000 0.730031 0.062500 -1
0 16.749998 11.250000 6.000000 0.597309 0.062500 -1
0 7.749998 25.750000 6.000000 0.477859 0.062500 -1
0 7.750001 25.750000 -6.000000 0.875000 0.062500 -1
0 -7.749998 25.750000 -6.000000 0.875000 0.062500 -1
0 -7.749998 2.250000 -6.000000 0.875000 0.062500 -1
0 -16.749998 11.250000 -5.999998 0.875000 0.062500 -1
0 -26.749998 1.250000 -5.999998 0.875000 0.062500 -1
0 0.000001 -25.500000 -6.000000 0.875000 0.062500 -1
0 26.750000 1.250000 -6.000002 0.875000 0.062500 -1
0 16.750000 11.250000 -6.000002 0.875000 0.062500 -1
0 7.750001 2.250000 -6.000000 0.875000 0.062500 -1
0 -7.749998 2.250000 -6.000000 0.477859 0.062500 -1
0 7.750001 25.750000 -6.000000 0.272141 0.062500 -1
0 7.750001 2.250000 -6.000000 0.272141 0.062500 -1
0 16.750000 11.250000 -6.000002 0.152691 0.062500 -1
0 26.750000 1.250000 -6.000002 0.019969 0.062500 -1
0 0.000001 -25.500000 -6.000000 0.375000 0.062500 -1
0 -26.749998 1.250000 -5.999998 0.730031 0.062500 -1
0 -16.749998 11.250000 -5.999998 0.597309 0.062500 -1
0 -7.749998 25.750000 -6.000000 0.477859 0.062500 -1
24
-0.707100 0.707100 0.000000
-0.463500 0.463500 0.755100
0.463500 0.463500 0.755100
0.707100 0.707100 0.000000
0.039800 0.095200 0.994700
0.370800 0.928700 0.000000
0.000000 0.665200 0.746700
0.000000 1.000000 0.000000
0.665200 0.000000 0.746700
1.000000 0.000000 0.000000
0.000000 -0.665200 0.746700
0.000000 -1.000000 0.000000
-0.665200 0.000000 0.746700
-1.000000 0.000000 0.000000
-0.039800 0.095200 0.994700
-0.370800 0.928700 0.000000
0.463500 0.463500 -0.755100
-0.463500 0.463500 -0.755100
-0.039800 0.095200 -0.994700
0.000000 0.665200 -0.746700
-0.665200 0.000000 -0.746700
0.000000 -0.665200 -0.746700
0.665200 0.000000 -0.746700
0.039800 0.095200 -0.994700
50
0 0 1 2 0 1 2 1
0 0 2 3 0 2 3 1
0 3 2 4 3 2 4 1
0 3 4 5 3 4 5 1
0 5 4 6 5 4 6 1
0 5 6 7 5 6 7 1
0 7 6 8 7 6 8 1
0 7 8 9 7 8 9 1
0 9 8 10 9 8 10 1
0 9 10 11 9 10 11 1
0 11 10 12 11 10 12 1
0 11 12 13 11 12 13 1
0 13 12 14 13 12 6 1
0 13 14 15 13 6 7 1
0 15 14 16 7 6 14 1
0 15 16 17 7 14 15 1
0 17 16 1 15 14 1 1
0 17 1 0 15 1 0 1
0 18 19 20 4 1 14 1
0 20 21 22 14 6 12 1
0 22 23 20 12 10 14 1
0 23 24 18 10 8 4 1
0 20 23 18 14 10 4 1
0 24 25 18 8 6 4 1
0 18 26 19 4 2 1 1
0 3 27 28 3 16 17 1
0 3 28 0 3 17 0 1
0 0 28 29 0 17 18 1
0 0 29 17 0 18 15 1
0 17 29 30 15 18 19 1
0 17 30 15 15 19 7 1
0 15 30 31 7 19 20 1
0 15 31 13 7 20 13 1
0 13 31 32 13 20 21 1
0 13 32 11 13 21 11 1
0 11 32 33 11 21 22 1
0 11 33 9 11 22 9 1
0 9 33 34 9 22 19 1
0 9 34 7 9 19 7 1
0 7 34 35 7 19 23 1
0 7 35 5 7 23 5 1
0 5 35 27 5 23 16 1
0 5 27 3 5 16 3 1
0 36 37 38 18 16 23 1
0 38 39 40 23 19 22 1
0 40 41 38 22 21 23 1
0 41 42 36 21 20 18 1
0 38 41 36 23 21 18 1
0 42 43 36 20 19 18 1
0 36 44 37 18 17 16 1

Materials: 1
"OutFoxNote"
0.000000 0.000000 0.000000 1.000000
1.000000 1.000000 1.000000 1.000000
1.000000 1.000000 1.000000 1.000000
0.000000 0.000000 0.000000 1.000000
0.000000
1.000000
"Textures/NoteBody.png"
""

Bones: 0
GroupComments: 0
MaterialComments: 0
BoneComments: 0
ModelComment: 0
