// MilkShape 3D ASCII

Frames: 30
Frame: 1

Meshes: 3
"Background" 0 0
8
1 -14.000000 6.000000 6.000000 0.000000 0.000000 -1
1 -16.000000 8.000000 0.000000 0.000000 0.000000 -1
1 -16.000000 -8.000000 0.000000 0.000000 0.000000 -1
1 -14.000000 -6.000000 6.000000 0.000000 0.000000 -1
1 16.000000 -8.000000 0.000000 0.000000 0.000000 -1
1 14.000000 -6.000000 6.000000 0.000000 0.000000 -1
1 16.000000 8.000000 0.000000 0.000000 0.000000 -1
1 14.000000 6.000000 6.000000 0.000000 0.000000 -1
6
-0.816497 0.408248 0.408248
-0.408248 0.816497 0.408248
-0.639602 -0.639602 0.426401
0.639602 -0.639602 0.426401
0.816497 0.408248 0.408248
0.408248 0.816497 0.408248
8
0 0 1 2 0 1 2 1
0 2 3 0 2 2 0 1
0 2 4 5 2 3 3 1
0 5 3 2 3 2 2 1
0 5 4 6 3 3 4 1
0 6 7 5 4 5 3 1
0 7 6 1 5 4 1 1
0 1 0 7 1 0 5 1
"Inline" 0 1
8
1 12.000000 -4.000000 5.000000 0.000000 0.000000 -1
1 -12.000000 -4.000000 5.000000 0.000000 0.000000 -1
1 -14.000000 -6.000000 6.000000 0.000000 0.000000 -1
1 14.000000 -6.000000 6.000000 0.000000 0.000000 -1
1 14.000000 6.000000 6.000000 0.000000 0.000000 -1
1 12.000000 4.000000 5.000000 0.000000 0.000000 -1
1 -14.000000 6.000000 6.000000 0.000000 0.000000 -1
1 -12.000000 4.000000 5.000000 0.000000 0.000000 -1
6
-0.235702 0.235702 0.942809
0.235702 0.235702 0.942809
-0.312348 -0.156174 0.937043
-0.156174 -0.312348 0.937043
0.156174 -0.312348 0.937043
0.312348 -0.156174 0.937043
8
0 0 1 2 0 1 1 1
0 2 3 0 1 0 0 1
0 0 3 4 0 0 2 1
0 4 5 0 2 3 0 1
0 5 4 6 3 2 4 1
0 6 7 5 4 5 3 1
0 7 6 2 5 4 1 1
0 2 1 7 1 1 5 1
"Colour" 0 2
4
0 -12.000000 -4.000000 5.000000 0.036232 0.964309 -1
0 12.000000 -4.000000 5.000000 0.090956 0.964309 -1
0 12.000000 4.000000 5.000000 0.090956 0.018116 -1
0 -12.000000 4.000000 5.000000 0.036232 0.018116 -1
1
0.000000 0.000000 1.000000
2
0 0 1 2 0 0 0 1
0 3 0 2 0 0 0 1

Materials: 3
"Background"
1.000000 1.000000 1.000000 1.000000
1.000000 1.000000 1.000000 1.000000
0.000000 0.000000 0.000000 1.000000
0.000000 0.000000 0.000000 1.000000
0.000000
1.000000
"Tex/Black.png"
""
"Inline"
1.000000 1.000000 1.000000 1.000000
1.000000 1.000000 1.000000 1.000000
0.000000 0.000000 0.000000 1.000000
0.000000 0.000000 0.000000 1.000000
0.000000
1.000000
"Tex/White.png"
""
"Colour"
1.000000 1.000000 1.000000 1.000000
1.000000 1.000000 1.000000 1.000000
0.000000 0.000000 0.000000 1.000000
0.000000 0.000000 0.000000 1.000000
0.000000
1.000000
"Tex/Arrow Colours.png"
""

Bones: 0
GroupComments: 0
MaterialComments: 0
BoneComments: 0
ModelComment: 0
