// MilkShape 3D ASCII

Frames: 30
Frame: 1

Meshes: 1
"LiftBody" 0 0
238
0 6.750000 1.250000 7.000000 0.062500 0.375000 -1
0 9.000000 1.250000 7.000000 0.062500 0.375000 -1
0 9.500000 4.000000 5.666667 0.062500 0.375000 -1
0 8.000000 4.000000 5.666667 0.062500 0.375000 -1
0 15.500000 7.750000 7.000000 0.062500 0.375000 -1
0 15.000000 9.499999 5.666667 0.062500 0.375000 -1
0 18.500000 7.750000 7.000000 0.062500 0.375000 -1
0 19.000000 9.500000 5.666667 0.062500 0.375000 -1
0 23.750000 2.500000 7.000000 0.062500 0.375000 -1
0 25.500000 3.000000 5.666667 0.062500 0.375000 -1
0 23.750000 -0.500000 7.000000 0.062500 0.375000 -1
0 25.500000 -1.000000 5.666667 0.062500 0.375000 -1
0 1.000000 -23.250000 7.000000 0.062500 0.375000 -1
0 1.500000 -25.000000 5.666667 0.062500 0.375000 -1
0 -1.000000 -23.250000 7.000000 0.062500 0.375000 -1
0 -1.500000 -25.000000 5.666667 0.062500 0.375000 -1
0 -1.000000 23.750000 7.000000 0.062500 0.375000 -1
0 -1.500000 26.000000 5.666667 0.062500 0.375000 -1
0 -4.000000 23.500000 5.666667 0.062500 0.375000 -1
0 -2.250000 22.500000 7.000000 0.062500 0.375000 -1
0 1.000000 23.750000 7.000000 0.062500 0.375000 -1
0 1.500000 26.000000 5.666667 0.062500 0.375000 -1
0 2.250000 22.500000 7.000000 0.062500 0.375000 -1
0 4.000000 23.500000 5.666667 0.062500 0.375000 -1
0 9.500000 4.000000 5.666667 0.062500 0.625000 -1
0 10.000000 9.000000 1.000000 0.062500 0.625000 -1
0 8.000000 4.000000 5.666667 0.062500 0.625000 -1
0 6.250000 25.000000 1.000000 0.062500 0.625000 -1
0 4.000000 23.500000 5.666667 0.062500 0.625000 -1
0 2.500000 28.750000 1.000000 0.062500 0.625000 -1
0 1.500000 26.000000 5.666667 0.062500 0.625000 -1
0 -1.500000 26.000000 5.666667 0.062500 0.625000 -1
0 -2.500000 28.750000 1.000000 0.062500 0.625000 -1
0 -4.000000 23.500000 5.666667 0.062500 0.625000 -1
0 -6.250000 25.000000 1.000000 0.062500 0.625000 -1
0 -1.500000 -25.000000 5.666667 0.062500 0.625000 -1
0 -2.500000 -28.250000 1.000000 0.062500 0.625000 -1
0 2.500000 -28.250000 1.000000 0.062500 0.625000 -1
0 1.500000 -25.000000 5.666667 0.062500 0.625000 -1
0 25.500000 -1.000000 5.666667 0.062500 0.625000 -1
0 28.250000 -2.500000 1.000000 0.062500 0.625000 -1
0 28.250000 4.500000 1.000000 0.062500 0.625000 -1
0 25.500000 3.000000 5.666667 0.062500 0.625000 -1
0 19.000000 9.500000 5.666667 0.062500 0.625000 -1
0 20.000000 12.750000 1.000000 0.062500 0.625000 -1
0 14.000000 12.750000 1.000000 0.062500 0.625000 -1
0 15.000000 9.499999 5.666667 0.062500 0.625000 -1
0 9.000000 1.250000 7.000000 0.062500 0.125000 -1
0 6.750000 1.250000 7.000000 0.062500 0.125000 -1
0 1.000000 -23.250000 7.000000 0.062500 0.125000 -1
0 -1.000000 23.750000 7.000000 0.062500 0.125000 -1
0 -2.250000 22.500000 7.000000 0.062500 0.125000 -1
0 2.250000 22.500000 7.000000 0.062500 0.125000 -1
0 23.750000 -0.500000 7.000000 0.062500 0.125000 -1
0 15.500000 7.750000 7.000000 0.062500 0.125000 -1
0 -6.750000 1.250000 7.000000 0.062500 0.125000 -1
0 23.750000 2.500000 7.000000 0.062500 0.125000 -1
0 1.000000 23.750000 7.000000 0.062500 0.125000 -1
0 -9.000000 1.250000 7.000000 0.062500 0.125000 -1
0 -23.750000 -0.500000 7.000000 0.062500 0.125000 -1
0 -1.000000 -23.250000 7.000000 0.062500 0.125000 -1
0 6.250000 25.000000 1.000000 0.062499 0.875001 -1
0 10.000000 9.000000 1.000000 0.062499 0.875001 -1
0 10.716358 11.461298 0.000000 0.062499 0.875001 -1
0 7.677244 24.920233 0.000000 0.062499 0.875001 -1
0 7.014052 26.230888 0.000000 0.062499 0.875001 -1
0 14.000000 12.750000 1.000000 0.062499 0.875001 -1
0 14.212809 14.216561 0.000000 0.062499 0.875001 -1
0 12.769113 13.514052 0.000000 0.062499 0.875001 -1
0 2.500000 28.750000 1.000000 0.062499 0.875001 -1
0 3.730887 29.514053 0.000000 0.062499 0.875001 -1
0 2.287191 30.216560 0.000000 0.062499 0.875001 -1
0 20.000000 12.750000 1.000000 0.062499 0.875001 -1
0 19.787191 14.216561 0.000000 0.062499 0.875001 -1
0 21.230888 13.514052 0.000000 0.062499 0.875001 -1
0 -2.500000 28.750000 1.000000 0.062499 0.875001 -1
0 -2.287191 30.216560 0.000000 0.062499 0.875001 -1
0 28.250000 4.500000 1.000000 0.062499 0.875001 -1
0 28.250000 -2.500000 1.000000 0.062499 0.875001 -1
0 29.716560 -2.287191 0.000000 0.062499 0.875001 -1
0 29.716560 4.287191 0.000000 0.062499 0.875001 -1
0 -2.500000 -28.250000 1.000000 0.062499 0.875001 -1
0 -3.730887 -29.014053 0.000000 0.062499 0.875001 -1
0 -2.287191 -29.716560 0.000000 0.062499 0.875001 -1
0 29.014053 -3.730888 0.000000 0.062499 0.875001 -1
0 2.500000 -28.250000 1.000000 0.062499 0.875001 -1
0 2.287191 -29.716560 0.000000 0.062499 0.875001 -1
0 -3.730887 29.514053 0.000000 0.062499 0.875001 -1
0 3.730887 -29.014053 0.000000 0.062499 0.875001 -1
0 29.014053 5.730888 0.000000 0.062499 0.875001 -1
0 -6.250000 25.000000 1.000000 0.062499 0.875001 -1
0 -7.014052 26.230888 0.000000 0.062499 0.875001 -1
0 -7.677244 24.920233 0.000000 0.062499 0.875001 -1
0 -6.750000 1.250000 7.000000 0.062500 0.375000 -1
0 -8.000000 4.000000 5.666667 0.062500 0.375000 -1
0 -9.500000 4.000000 5.666667 0.062500 0.375000 -1
0 -9.000000 1.250000 7.000000 0.062500 0.375000 -1
0 -15.000000 9.499999 5.666667 0.062500 0.375000 -1
0 -15.500000 7.750000 7.000000 0.062500 0.375000 -1
0 -19.000000 9.500000 5.666667 0.062500 0.375000 -1
0 -18.500000 7.750000 7.000000 0.062500 0.375000 -1
0 -25.500000 3.000000 5.666667 0.062500 0.375000 -1
0 -23.750000 2.500000 7.000000 0.062500 0.375000 -1
0 -25.500000 -1.000000 5.666667 0.062500 0.375000 -1
0 -23.750000 -0.500000 7.000000 0.062500 0.375000 -1
0 -9.500000 4.000000 5.666667 0.062500 0.625000 -1
0 -8.000000 4.000000 5.666667 0.062500 0.625000 -1
0 -10.000000 9.000000 1.000000 0.062500 0.625000 -1
0 -15.500000 7.750000 7.000000 0.062500 0.125000 -1
0 -23.750000 2.500000 7.000000 0.062500 0.125000 -1
0 -25.500000 -1.000000 5.666667 0.062500 0.625000 -1
0 -28.250000 -2.500000 1.000000 0.062500 0.625000 -1
0 -25.500000 3.000000 5.666667 0.062500 0.625000 -1
0 -28.250000 4.500000 1.000000 0.062500 0.625000 -1
0 -19.000000 9.500000 5.666667 0.062500 0.625000 -1
0 -20.000000 12.750000 1.000000 0.062500 0.625000 -1
0 -15.000000 9.499999 5.666667 0.062500 0.625000 -1
0 -14.000000 12.750000 1.000000 0.062500 0.625000 -1
0 -18.500000 7.750000 7.000000 0.062500 0.125000 -1
0 -10.716358 11.461298 0.000000 0.062499 0.875001 -1
0 -10.000000 9.000000 1.000000 0.062499 0.875001 -1
0 -14.000000 12.750000 1.000000 0.062499 0.875001 -1
0 -12.769113 13.514052 0.000000 0.062499 0.875001 -1
0 -14.212809 14.216561 0.000000 0.062499 0.875001 -1
0 -19.787191 14.216561 0.000000 0.062499 0.875001 -1
0 -20.000000 12.750000 1.000000 0.062499 0.875001 -1
0 -21.230888 13.514052 0.000000 0.062499 0.875001 -1
0 -28.250000 4.500000 1.000000 0.062499 0.875001 -1
0 -29.716560 4.287191 0.000000 0.062499 0.875001 -1
0 -29.716560 -2.287191 0.000000 0.062499 0.875001 -1
0 -28.250000 -2.500000 1.000000 0.062499 0.875001 -1
0 -29.014053 -3.730888 0.000000 0.062499 0.875001 -1
0 -29.014053 5.730888 0.000000 0.062499 0.875001 -1
0 18.500000 7.750000 7.000000 0.062500 0.125000 -1
0 6.750000 1.250000 -7.000000 0.062500 0.375000 -1
0 8.000000 4.000000 -5.666667 0.062500 0.375000 -1
0 9.500000 4.000000 -5.666667 0.062500 0.375000 -1
0 9.000000 1.250000 -7.000000 0.062500 0.375000 -1
0 15.000000 9.499999 -5.666667 0.062500 0.375000 -1
0 15.500000 7.750000 -7.000000 0.062500 0.375000 -1
0 19.000000 9.500000 -5.666667 0.062500 0.375000 -1
0 18.500000 7.750000 -7.000000 0.062500 0.375000 -1
0 25.500000 3.000000 -5.666667 0.062500 0.375000 -1
0 23.750000 2.500000 -7.000000 0.062500 0.375000 -1
0 25.500000 -1.000000 -5.666667 0.062500 0.375000 -1
0 23.750000 -0.500000 -7.000000 0.062500 0.375000 -1
0 1.500000 -25.000000 -5.666667 0.062500 0.375000 -1
0 1.000000 -23.250000 -7.000000 0.062500 0.375000 -1
0 -1.500000 -25.000000 -5.666667 0.062500 0.375000 -1
0 -1.000000 -23.250000 -7.000000 0.062500 0.375000 -1
0 -1.000000 23.750000 -7.000000 0.062500 0.375000 -1
0 -2.250000 22.500000 -7.000000 0.062500 0.375000 -1
0 -4.000000 23.500000 -5.666667 0.062500 0.375000 -1
0 -1.500000 26.000000 -5.666667 0.062500 0.375000 -1
0 1.000000 23.750000 -7.000000 0.062500 0.375000 -1
0 1.500000 26.000000 -5.666667 0.062500 0.375000 -1
0 4.000000 23.500000 -5.666667 0.062500 0.375000 -1
0 2.250000 22.500000 -7.000000 0.062500 0.375000 -1
0 9.500000 4.000000 -5.666667 0.062500 0.625000 -1
0 8.000000 4.000000 -5.666667 0.062500 0.625000 -1
0 10.000000 9.000000 -1.000000 0.062500 0.625000 -1
0 4.000000 23.500000 -5.666667 0.062500 0.625000 -1
0 6.250000 25.000000 -1.000000 0.062500 0.625000 -1
0 1.500000 26.000000 -5.666667 0.062500 0.625000 -1
0 2.500000 28.750000 -1.000000 0.062500 0.625000 -1
0 -1.500000 26.000000 -5.666667 0.062500 0.625000 -1
0 -2.500000 28.750000 -1.000000 0.062500 0.625000 -1
0 -4.000000 23.500000 -5.666667 0.062500 0.625000 -1
0 -6.250000 25.000000 -1.000000 0.062500 0.625000 -1
0 -1.500000 -25.000000 -5.666667 0.062500 0.625000 -1
0 1.500000 -25.000000 -5.666667 0.062500 0.625000 -1
0 2.500000 -28.250000 -1.000000 0.062500 0.625000 -1
0 -2.500000 -28.250000 -1.000000 0.062500 0.625000 -1
0 25.500000 -1.000000 -5.666667 0.062500 0.625000 -1
0 28.250000 -2.500000 -1.000000 0.062500 0.625000 -1
0 25.500000 3.000000 -5.666667 0.062500 0.625000 -1
0 28.250000 4.500000 -1.000000 0.062500 0.625000 -1
0 19.000000 9.500000 -5.666667 0.062500 0.625000 -1
0 20.000000 12.750000 -1.000000 0.062500 0.625000 -1
0 15.000000 9.499999 -5.666667 0.062500 0.625000 -1
0 14.000000 12.750000 -1.000000 0.062500 0.625000 -1
0 9.000000 1.250000 -7.000000 0.062500 0.125000 -1
0 1.000000 -23.250000 -7.000000 0.062500 0.125000 -1
0 6.750000 1.250000 -7.000000 0.062500 0.125000 -1
0 -1.000000 23.750000 -7.000000 0.062500 0.125000 -1
0 2.250000 22.500000 -7.000000 0.062500 0.125000 -1
0 -2.250000 22.500000 -7.000000 0.062500 0.125000 -1
0 15.500000 7.750000 -7.000000 0.062500 0.125000 -1
0 23.750000 -0.500000 -7.000000 0.062500 0.125000 -1
0 -6.750000 1.250000 -7.000000 0.062500 0.125000 -1
0 23.750000 2.500000 -7.000000 0.062500 0.125000 -1
0 1.000000 23.750000 -7.000000 0.062500 0.125000 -1
0 -9.000000 1.250000 -7.000000 0.062500 0.125000 -1
0 -1.000000 -23.250000 -7.000000 0.062500 0.125000 -1
0 -23.750000 -0.500000 -7.000000 0.062500 0.125000 -1
0 6.250000 25.000000 -1.000000 0.062499 0.875001 -1
0 10.000000 9.000000 -1.000000 0.062499 0.875001 -1
0 14.000000 12.750000 -1.000000 0.062499 0.875001 -1
0 2.500000 28.750000 -1.000000 0.062499 0.875001 -1
0 20.000000 12.750000 -1.000000 0.062499 0.875001 -1
0 -2.500000 28.750000 -1.000000 0.062499 0.875001 -1
0 28.250000 4.500000 -1.000000 0.062499 0.875001 -1
0 28.250000 -2.500000 -1.000000 0.062499 0.875001 -1
0 -2.500000 -28.250000 -1.000000 0.062499 0.875001 -1
0 2.500000 -28.250000 -1.000000 0.062499 0.875001 -1
0 -6.250000 25.000000 -1.000000 0.062499 0.875001 -1
0 -6.750000 1.250000 -7.000000 0.062500 0.375000 -1
0 -9.000000 1.250000 -7.000000 0.062500 0.375000 -1
0 -9.500000 4.000000 -5.666667 0.062500 0.375000 -1
0 -8.000000 4.000000 -5.666667 0.062500 0.375000 -1
0 -15.500000 7.750000 -7.000000 0.062500 0.375000 -1
0 -15.000000 9.499999 -5.666667 0.062500 0.375000 -1
0 -18.500000 7.750000 -7.000000 0.062500 0.375000 -1
0 -19.000000 9.500000 -5.666667 0.062500 0.375000 -1
0 -23.750000 2.500000 -7.000000 0.062500 0.375000 -1
0 -25.500000 3.000000 -5.666667 0.062500 0.375000 -1
0 -23.750000 -0.500000 -7.000000 0.062500 0.375000 -1
0 -25.500000 -1.000000 -5.666667 0.062500 0.375000 -1
0 -9.500000 4.000000 -5.666667 0.062500 0.625000 -1
0 -10.000000 9.000000 -1.000000 0.062500 0.625000 -1
0 -8.000000 4.000000 -5.666667 0.062500 0.625000 -1
0 -15.500000 7.750000 -7.000000 0.062500 0.125000 -1
0 -23.750000 2.500000 -7.000000 0.062500 0.125000 -1
0 -25.500000 -1.000000 -5.666667 0.062500 0.625000 -1
0 -28.250000 -2.500000 -1.000000 0.062500 0.625000 -1
0 -28.250000 4.500000 -1.000000 0.062500 0.625000 -1
0 -25.500000 3.000000 -5.666667 0.062500 0.625000 -1
0 -19.000000 9.500000 -5.666667 0.062500 0.625000 -1
0 -20.000000 12.750000 -1.000000 0.062500 0.625000 -1
0 -14.000000 12.750000 -1.000000 0.062500 0.625000 -1
0 -15.000000 9.499999 -5.666667 0.062500 0.625000 -1
0 -18.500000 7.750000 -7.000000 0.062500 0.125000 -1
0 -10.000000 9.000000 -1.000000 0.062499 0.875001 -1
0 -14.000000 12.750000 -1.000000 0.062499 0.875001 -1
0 -20.000000 12.750000 -1.000000 0.062499 0.875001 -1
0 -28.250000 4.500000 -1.000000 0.062499 0.875001 -1
0 -28.250000 -2.500000 -1.000000 0.062499 0.875001 -1
0 18.500000 7.750000 -7.000000 0.062500 0.125000 -1
124
0.068400 0.097300 0.992900
-0.054200 0.177000 0.982700
-0.268700 0.553200 0.788500
0.356800 0.367000 0.859000
-0.156500 0.346400 0.924900
-0.276500 0.669500 0.689400
0.156500 0.346400 0.924900
0.282000 0.670800 0.685900
0.346400 0.156500 0.924900
0.691100 0.271900 0.669600
0.346400 -0.156500 0.924900
0.691100 -0.271900 0.669600
0.156500 -0.346400 0.924900
0.282000 -0.670800 0.685900
-0.156500 -0.346400 0.924900
-0.282000 -0.670800 0.685900
-0.139700 0.292200 0.946100
-0.274800 0.670100 0.689500
-0.652900 0.351900 0.670700
-0.300000 0.159100 0.940500
0.139700 0.292200 0.946100
0.274800 0.670100 0.689500
0.300000 0.159100 0.940500
0.652900 0.351900 0.670700
0.175000 0.522900 0.834200
0.631300 0.347100 0.693500
0.268600 0.640600 0.719400
-0.268600 0.640600 0.719400
-0.631300 0.347100 0.693500
-0.258600 -0.622000 0.739100
0.258600 -0.622000 0.739100
0.630000 -0.270500 0.727900
0.630000 0.270500 0.727900
0.258600 0.622000 0.739100
-0.256000 0.626100 0.736400
-0.068400 0.097300 0.992900
0.054200 0.177000 0.982700
-0.346400 -0.156500 0.924900
0.297400 0.954700 0.000000
0.948300 0.317200 0.000000
0.792800 0.609500 0.000000
-0.188000 0.982100 0.000000
-0.596700 0.802400 0.000000
0.604800 0.796400 0.000000
0.188000 0.982100 0.000000
0.982100 -0.188000 0.000000
0.982100 0.188000 0.000000
-0.604800 -0.796400 0.000000
-0.188000 -0.982100 0.000000
0.796400 -0.604800 0.000000
0.188000 -0.982100 0.000000
-0.604800 0.796400 0.000000
0.604800 -0.796400 0.000000
0.796400 0.604800 0.000000
-0.792800 0.609500 0.000000
-0.948300 0.317200 0.000000
-0.356800 0.367000 0.859000
0.268700 0.553200 0.788500
0.276500 0.669500 0.689400
-0.282000 0.670800 0.685900
-0.691100 0.271900 0.669600
-0.346400 0.156500 0.924900
-0.691100 -0.271900 0.669600
-0.175000 0.522900 0.834200
-0.630000 -0.270500 0.727900
-0.630000 0.270500 0.727900
-0.258600 0.622000 0.739100
0.256000 0.626100 0.736400
-0.297400 0.954700 0.000000
0.596700 0.802400 0.000000
-0.982100 0.188000 0.000000
-0.982100 -0.188000 0.000000
-0.796400 -0.604800 0.000000
-0.796400 0.604800 0.000000
0.068400 0.097300 -0.992900
0.356800 0.367000 -0.859000
-0.268700 0.553200 -0.788500
-0.054200 0.177000 -0.982700
-0.276500 0.669500 -0.689400
-0.156500 0.346400 -0.924900
0.282000 0.670800 -0.685900
0.156500 0.346400 -0.924900
0.691100 0.271900 -0.669600
0.346400 0.156500 -0.924900
0.691100 -0.271900 -0.669600
0.346400 -0.156500 -0.924900
0.282000 -0.670800 -0.685900
0.156500 -0.346400 -0.924900
-0.282000 -0.670800 -0.685900
-0.156500 -0.346400 -0.924900
-0.139700 0.292200 -0.946100
-0.300000 0.159100 -0.940500
-0.652900 0.351900 -0.670700
-0.274800 0.670100 -0.689500
0.139700 0.292200 -0.946100
0.274800 0.670100 -0.689500
0.652900 0.351900 -0.670700
0.300000 0.159100 -0.940500
0.175000 0.522900 -0.834200
0.631300 0.347100 -0.693500
0.268600 0.640600 -0.719400
-0.268600 0.640600 -0.719400
-0.631300 0.347100 -0.693500
0.258600 -0.622000 -0.739100
-0.258600 -0.622000 -0.739100
0.630000 -0.270500 -0.727900
0.630000 0.270500 -0.727900
0.258600 0.622000 -0.739100
-0.256000 0.626100 -0.736400
-0.068400 0.097300 -0.992900
0.054200 0.177000 -0.982700
-0.346400 -0.156500 -0.924900
0.268700 0.553200 -0.788500
-0.356800 0.367000 -0.859000
0.276500 0.669500 -0.689400
-0.282000 0.670800 -0.685900
-0.346400 0.156500 -0.924900
-0.691100 0.271900 -0.669600
-0.691100 -0.271900 -0.669600
-0.175000 0.522900 -0.834200
-0.630000 -0.270500 -0.727900
-0.630000 0.270500 -0.727900
-0.258600 0.622000 -0.739100
0.256000 0.626100 -0.736400
264
0 0 1 2 0 1 2 1
0 0 2 3 0 2 3 1
0 2 1 4 2 1 4 1
0 2 4 5 2 4 5 1
0 5 4 6 5 4 6 1
0 5 6 7 5 6 7 1
0 6 8 9 6 8 9 1
0 6 9 7 6 9 7 1
0 8 10 11 8 10 11 1
0 8 11 9 8 11 9 1
0 10 12 13 10 12 13 1
0 10 13 11 10 13 11 1
0 13 12 14 13 12 14 1
0 13 14 15 13 14 15 1
0 16 17 18 16 17 18 1
0 16 18 19 16 18 19 1
0 20 21 17 20 21 17 1
0 20 17 16 20 17 16 1
0 20 22 23 20 22 23 1
0 20 23 21 20 23 21 1
0 22 0 3 22 0 3 1
0 22 3 23 22 3 23 1
0 24 25 26 2 24 3 1
0 26 25 27 3 24 25 1
0 26 27 28 3 25 23 1
0 28 27 29 23 25 26 1
0 28 29 30 23 26 21 1
0 31 30 29 17 21 26 1
0 31 29 32 17 26 27 1
0 33 31 32 18 17 27 1
0 33 32 34 18 27 28 1
0 35 36 37 15 29 30 1
0 35 37 38 15 30 13 1
0 39 38 37 11 13 30 1
0 39 37 40 11 30 31 1
0 39 40 41 11 31 32 1
0 39 41 42 11 32 9 1
0 43 42 41 7 9 32 1
0 43 41 44 7 32 33 1
0 43 44 45 7 33 34 1
0 43 45 46 7 34 5 1
0 46 45 25 5 34 24 1
0 46 25 24 5 24 2 1
0 47 48 49 1 0 12 1
0 50 51 52 16 19 22 1
0 47 53 54 1 10 4 1
0 51 55 52 19 35 22 1
0 48 52 55 0 22 35 1
0 53 56 54 10 8 4 1
0 52 57 50 22 20 16 1
0 49 53 47 12 10 1 1
0 58 59 60 36 37 14 1
0 48 55 49 0 35 12 1
0 61 62 63 25 24 38 1
0 61 63 64 25 38 39 1
0 61 64 65 25 39 40 1
0 66 67 68 34 41 42 1
0 69 70 71 26 43 44 1
0 66 72 73 34 33 44 1
0 66 73 67 34 44 41 1
0 72 74 73 33 43 44 1
0 75 69 71 27 26 44 1
0 75 71 76 27 44 41 1
0 77 78 79 32 31 45 1
0 77 79 80 32 45 46 1
0 81 82 83 29 47 48 1
0 78 84 79 31 49 45 1
0 85 81 83 30 29 48 1
0 85 83 86 30 48 50 1
0 75 76 87 27 41 51 1
0 78 85 88 31 30 52 1
0 78 88 84 31 52 49 1
0 72 77 89 33 32 53 1
0 72 89 74 33 53 43 1
0 85 86 88 30 50 52 1
0 69 61 65 26 25 40 1
0 69 65 70 26 40 43 1
0 90 91 92 28 54 55 1
0 90 75 87 28 27 51 1
0 90 87 91 28 51 54 1
0 62 66 68 24 34 42 1
0 62 68 63 24 42 38 1
0 77 80 89 32 46 53 1
0 93 94 95 35 56 57 1
0 93 95 96 35 57 36 1
0 95 97 98 57 58 6 1
0 95 98 96 57 6 36 1
0 97 99 100 58 59 4 1
0 97 100 98 58 4 6 1
0 100 99 101 4 59 60 1
0 100 101 102 4 60 61 1
0 102 101 103 61 60 62 1
0 102 103 104 61 62 37 1
0 104 103 15 37 62 15 1
0 104 15 14 37 15 14 1
0 19 18 94 19 18 56 1
0 19 94 93 19 56 35 1
0 105 106 107 57 56 63 1
0 108 109 59 6 61 37 1
0 106 33 34 56 18 28 1
0 106 34 107 56 28 63 1
0 110 111 36 62 64 29 1
0 110 36 35 62 29 15 1
0 110 112 113 62 60 65 1
0 110 113 111 62 65 64 1
0 114 115 113 59 66 65 1
0 114 113 112 59 65 60 1
0 114 116 117 59 58 67 1
0 114 117 115 59 67 66 1
0 116 105 107 58 57 63 1
0 116 107 117 58 63 67 1
0 58 108 59 36 6 37 1
0 108 118 109 6 4 61 1
0 90 92 119 28 55 68 1
0 90 119 120 28 68 63 1
0 121 122 123 67 69 44 1
0 121 123 124 67 44 41 1
0 121 124 125 67 41 66 1
0 125 124 126 66 41 51 1
0 127 128 129 65 70 71 1
0 127 129 130 65 71 64 1
0 130 129 131 64 71 72 1
0 130 131 82 64 72 47 1
0 130 82 81 64 47 29 1
0 125 126 132 66 51 73 1
0 125 132 127 66 73 65 1
0 120 119 122 63 68 69 1
0 120 122 121 63 69 67 1
0 127 132 128 65 73 70 1
0 56 133 54 8 6 4 1
0 49 55 60 12 35 14 1
0 55 58 60 35 36 14 1
0 134 135 136 74 75 76 1
0 134 136 137 74 76 77 1
0 136 138 139 76 78 79 1
0 136 139 137 76 79 77 1
0 138 140 141 78 80 81 1
0 138 141 139 78 81 79 1
0 141 140 142 81 80 82 1
0 141 142 143 81 82 83 1
0 143 142 144 83 82 84 1
0 143 144 145 83 84 85 1
0 145 144 146 85 84 86 1
0 145 146 147 85 86 87 1
0 146 148 149 86 88 89 1
0 146 149 147 86 89 87 1
0 150 151 152 90 91 92 1
0 150 152 153 90 92 93 1
0 154 150 153 94 90 93 1
0 154 153 155 94 93 95 1
0 154 155 156 94 95 96 1
0 154 156 157 94 96 97 1
0 157 156 135 97 96 75 1
0 157 135 134 97 75 74 1
0 158 159 160 76 75 98 1
0 159 161 162 75 96 99 1
0 159 162 160 75 99 98 1
0 161 163 164 96 95 100 1
0 161 164 162 96 100 99 1
0 165 166 164 93 101 100 1
0 165 164 163 93 100 95 1
0 167 168 166 92 102 101 1
0 167 166 165 92 101 93 1
0 169 170 171 88 86 103 1
0 169 171 172 88 103 104 1
0 173 174 171 84 105 103 1
0 173 171 170 84 103 86 1
0 173 175 176 84 82 106 1
0 173 176 174 84 106 105 1
0 177 178 176 80 107 106 1
0 177 176 175 80 106 82 1
0 177 179 180 80 78 108 1
0 177 180 178 80 108 107 1
0 179 158 160 78 76 98 1
0 179 160 180 78 98 108 1
0 181 182 183 77 87 74 1
0 184 185 186 90 97 91 1
0 181 187 188 77 79 85 1
0 186 185 189 91 97 109 1
0 183 189 185 74 109 97 1
0 188 187 190 85 79 83 1
0 185 184 191 97 90 94 1
0 182 181 188 87 77 85 1
0 192 193 194 110 89 111 1
0 183 182 189 74 87 109 1
0 195 64 63 99 39 38 1
0 195 63 196 99 38 98 1
0 195 65 64 99 40 39 1
0 197 68 67 108 42 41 1
0 198 71 70 100 44 43 1
0 197 67 73 108 41 44 1
0 197 73 199 108 44 107 1
0 199 73 74 107 44 43 1
0 200 76 71 101 41 44 1
0 200 71 198 101 44 100 1
0 201 80 79 106 46 45 1
0 201 79 202 106 45 105 1
0 203 83 82 104 48 47 1
0 202 79 84 105 45 49 1
0 204 86 83 103 50 48 1
0 204 83 203 103 48 104 1
0 200 87 76 101 51 41 1
0 202 84 88 105 49 52 1
0 202 88 204 105 52 103 1
0 199 74 89 107 43 53 1
0 199 89 201 107 53 106 1
0 204 88 86 103 52 50 1
0 198 70 65 100 43 40 1
0 198 65 195 100 40 99 1
0 205 92 91 102 55 54 1
0 205 91 87 102 54 51 1
0 205 87 200 102 51 101 1
0 196 63 68 98 38 42 1
0 196 68 197 98 42 108 1
0 201 89 80 106 53 46 1
0 206 207 208 109 110 112 1
0 206 208 209 109 112 113 1
0 208 207 210 112 110 81 1
0 208 210 211 112 81 114 1
0 211 210 212 114 81 79 1
0 211 212 213 114 79 115 1
0 212 214 215 79 116 117 1
0 212 215 213 79 117 115 1
0 214 216 217 116 111 118 1
0 214 217 215 116 118 117 1
0 216 149 148 111 89 88 1
0 216 148 217 111 88 118 1
0 151 206 209 91 109 113 1
0 151 209 152 91 113 92 1
0 218 219 220 112 119 113 1
0 221 194 222 81 111 116 1
0 220 219 168 113 119 102 1
0 220 168 167 113 102 92 1
0 223 169 172 118 88 104 1
0 223 172 224 118 104 120 1
0 223 224 225 118 120 121 1
0 223 225 226 118 121 117 1
0 227 226 225 115 117 121 1
0 227 225 228 115 121 122 1
0 227 228 229 115 122 123 1
0 227 229 230 115 123 114 1
0 230 229 219 114 123 119 1
0 230 219 218 114 119 112 1
0 192 194 221 110 111 81 1
0 221 222 231 81 116 79 1
0 205 232 119 102 119 68 1
0 205 119 92 102 68 55 1
0 233 123 122 123 44 69 1
0 233 234 124 123 122 41 1
0 233 124 123 123 41 44 1
0 234 126 124 122 51 41 1
0 235 236 129 121 120 71 1
0 235 129 128 121 71 70 1
0 236 131 129 120 72 71 1
0 236 203 82 120 104 47 1
0 236 82 131 120 47 72 1
0 234 235 132 122 121 73 1
0 234 132 126 122 73 51 1
0 232 233 122 119 123 69 1
0 232 122 119 119 69 68 1
0 235 128 132 121 70 73 1
0 190 187 237 83 79 81 1
0 182 193 189 87 89 109 1
0 189 193 192 109 89 110 1

Materials: 1
"LiftBody"
0.000000 0.000000 0.000000 1.000000
1.000000 1.000000 1.000000 1.000000
1.000000 1.000000 1.000000 1.000000
0.000000 0.000000 0.000000 1.000000
0.000000
1.000000
"Textures/LiftNote.png"
""

Bones: 0
GroupComments: 0
MaterialComments: 0
BoneComments: 0
ModelComment: 0
