// MilkShape 3D ASCII

Frames: 30
Frame: 1

Meshes: 1
"MineBody" 0 0
466
0 27.255703 -3.262127 3.434456 0.944715 0.433659 -1
0 27.255705 3.262119 3.434474 0.944715 0.067003 -1
0 25.723833 3.976745 3.703705 0.896507 0.026841 -1
0 27.983341 -1.644522 3.306577 0.978223 0.370850 -1
0 27.983343 1.644514 3.306587 0.978223 0.129811 -1
0 13.794978 3.976746 5.800217 0.750000 0.740592 -1
0 25.723833 3.976745 3.703705 0.750000 0.740592 -1
0 26.032560 4.999996 2.713112 0.750000 0.796954 -1
0 18.808697 4.999999 3.422883 0.750000 0.819073 -1
0 12.772201 4.999998 4.286612 0.750000 0.819073 -1
0 12.772200 4.999997 5.134508 0.750000 0.819073 -1
0 12.773009 -4.999190 5.134220 0.750000 0.819073 -1
0 12.773470 -4.998729 4.286513 0.750000 0.819073 -1
0 18.809032 -4.998729 3.422883 0.750000 0.819073 -1
0 27.983341 -1.644522 3.306577 0.750000 0.740592 -1
0 28.973520 -2.000004 2.283603 0.750000 0.796954 -1
0 28.973520 1.999996 2.283604 0.750000 0.796954 -1
0 28.973511 -1.999996 0.000000 0.750000 0.841058 -1
0 28.973511 2.000006 0.000000 0.750000 0.841058 -1
0 28.973520 1.999996 2.283604 0.750000 0.819073 -1
0 13.795343 -3.976389 5.800130 0.750000 0.740592 -1
0 12.773009 -4.999190 5.134220 0.750000 0.796954 -1
0 26.032560 -5.000004 2.713110 0.750000 0.796954 -1
0 27.255703 -3.262127 3.434456 0.750000 0.740592 -1
0 27.997135 -4.000004 2.455406 0.750000 0.796954 -1
0 25.723829 -3.976753 3.703683 0.750000 0.740592 -1
0 4.998726 18.809032 3.422886 0.265625 0.953125 -1
0 12.772201 4.999998 4.286612 0.468750 0.546875 -1
0 18.808697 4.999999 3.422883 0.265625 0.546875 -1
0 4.998728 22.615555 1.075994 0.109375 0.953125 -1
0 26.032574 4.999996 0.000000 0.015625 0.546875 -1
0 4.999999 26.032558 0.000000 0.015625 0.953125 -1
0 27.255705 3.262119 3.434474 0.750000 0.740592 -1
0 27.997135 3.999996 2.455407 0.750000 0.796954 -1
0 27.997118 4.000008 0.000000 0.750000 0.841058 -1
0 26.032578 -5.000000 0.000000 0.750000 0.841058 -1
0 27.997116 -4.000000 0.000000 0.750000 0.841058 -1
0 27.997135 -4.000004 2.455406 0.750000 0.819073 -1
0 14.164608 -1.134225 6.745823 0.109375 0.250000 -1
0 -0.000000 0.000000 7.902840 0.468750 0.250000 -1
0 1.134223 -14.164609 6.745826 0.109375 0.250000 -1
0 14.164609 1.134222 6.745824 0.109375 0.250000 -1
0 1.134223 14.164609 6.745826 0.109375 0.250000 -1
0 -1.134223 14.164609 6.745826 0.109375 0.250000 -1
0 -14.164608 1.134225 6.745828 0.109375 0.250000 -1
0 -14.164609 -1.134222 6.745827 0.109375 0.250000 -1
0 -1.134223 -14.164609 6.745826 0.109375 0.250000 -1
0 16.500000 -1.272199 6.330737 0.031250 0.250001 -1
0 1.134223 -14.164609 6.745826 0.031250 0.250001 -1
0 1.272197 -16.500000 6.330739 0.031250 0.250001 -1
0 14.164609 1.134222 6.745824 0.031250 0.250001 -1
0 16.500000 1.272196 6.330738 0.031250 0.250001 -1
0 -1.134223 14.164609 6.745826 0.031250 0.250001 -1
0 1.272198 16.500000 6.330739 0.031250 0.250001 -1
0 -1.272197 16.500000 6.330739 0.031250 0.250001 -1
0 -16.500000 1.272199 6.330742 0.031250 0.250001 -1
0 -14.164609 -1.134222 6.745827 0.031250 0.250001 -1
0 -16.500000 -1.272196 6.330741 0.031250 0.250001 -1
0 -1.134223 -14.164609 6.745826 0.031250 0.250001 -1
0 -1.272198 -16.500000 6.330739 0.031250 0.250001 -1
0 1.134223 14.164609 6.745826 0.031250 0.250001 -1
0 -16.500000 -1.272196 3.422925 0.031250 0.250001 -1
0 16.500000 -1.272199 3.422915 0.031250 0.250001 -1
0 -1.272198 -16.500000 3.422837 0.031250 0.250001 -1
0 -16.500000 1.272199 3.422925 0.031250 0.250001 -1
0 16.500000 1.272196 3.422926 0.031250 0.250001 -1
0 1.272198 16.500000 3.422841 0.031250 0.250001 -1
0 -1.272197 16.500000 3.422841 0.031250 0.250001 -1
0 1.272197 -16.500000 3.422825 0.031250 0.250001 -1
0 27.983343 1.644514 3.306587 0.750000 0.740592 -1
0 28.973520 -2.000004 2.283603 0.750000 0.819073 -1
0 27.997135 3.999996 2.455407 0.750000 0.819073 -1
0 26.032574 4.999996 0.000000 0.750000 0.841058 -1
0 13.794978 3.976746 5.800217 0.532972 0.026841 -1
0 16.498728 1.272196 5.325022 0.613413 0.178840 -1
0 25.723829 -3.976753 3.703683 0.896507 0.473820 -1
0 16.498730 -1.272199 5.325014 0.613416 0.321837 -1
0 13.795343 -3.976389 5.800130 0.532994 0.473820 -1
0 12.772200 4.999997 5.134508 0.750000 0.796954 -1
0 26.032560 4.999996 2.713112 0.750000 0.819073 -1
0 22.615557 4.999999 1.075990 0.750000 0.841058 -1
0 26.032560 -5.000004 2.713110 0.750000 0.819073 -1
0 22.615557 -4.998730 1.075990 0.750000 0.841058 -1
0 4.998730 12.773469 4.286516 0.468750 0.953125 -1
0 22.615557 4.999999 1.075990 0.109375 0.546875 -1
0 14.164608 -1.134225 6.745823 0.031250 0.250001 -1
0 -14.164608 1.134225 6.745828 0.031250 0.250001 -1
0 -4.998729 -18.809032 3.422881 0.265625 0.953125 -1
0 -12.772201 -4.999998 4.286610 0.468750 0.546875 -1
0 -18.808697 -4.999998 3.422882 0.265625 0.546875 -1
0 -4.998732 -22.615557 1.075988 0.109375 0.953125 -1
0 -26.032574 -4.999994 0.000000 0.015625 0.546875 -1
0 -5.000000 -26.032578 0.000000 0.015625 0.953125 -1
0 -4.998728 -12.773471 4.286511 0.468750 0.953125 -1
0 -22.615557 -4.999997 1.075989 0.109375 0.546875 -1
0 18.808697 -4.999994 3.422885 0.265625 0.953125 -1
0 4.999997 -12.772202 4.286609 0.468750 0.546875 -1
0 4.999997 -18.808697 3.422879 0.265625 0.546875 -1
0 22.615555 -5.000011 1.075993 0.109375 0.953125 -1
0 4.999996 -26.032574 0.000000 0.015625 0.546875 -1
0 26.032578 -5.000000 0.000000 0.015625 0.953125 -1
0 12.772202 -4.999994 4.286612 0.468750 0.953125 -1
0 4.999998 -22.615557 1.075986 0.109375 0.546875 -1
0 -18.809032 4.998730 3.422885 0.265625 0.953125 -1
0 -5.000001 12.772196 4.286612 0.468750 0.546875 -1
0 -4.999997 18.808693 3.422883 0.265625 0.546875 -1
0 -22.615559 4.998732 1.075992 0.109375 0.953125 -1
0 -4.999996 26.032562 0.000000 0.015625 0.546875 -1
0 -26.032578 5.000002 0.000000 0.015625 0.953125 -1
0 -12.773470 4.998732 4.286515 0.468750 0.953125 -1
0 -5.000010 22.615553 1.075990 0.109375 0.546875 -1
0 -27.255703 3.262128 3.434458 0.944715 0.433659 -1
0 -27.255707 -3.262118 3.434474 0.944715 0.067003 -1
0 -25.723833 -3.976744 3.703705 0.896507 0.026841 -1
0 -27.983343 1.644523 3.306578 0.978223 0.370850 -1
0 -27.983343 -1.644513 3.306587 0.978223 0.129811 -1
0 -13.794978 -3.976746 5.800217 0.750000 0.740592 -1
0 -25.723833 -3.976744 3.703705 0.750000 0.740592 -1
0 -26.032560 -4.999994 2.713111 0.750000 0.796954 -1
0 -18.808697 -4.999998 3.422882 0.750000 0.819073 -1
0 -12.772201 -4.999998 4.286610 0.750000 0.819073 -1
0 -12.772200 -4.999998 5.134506 0.750000 0.819073 -1
0 -12.773009 4.999189 5.134222 0.750000 0.819073 -1
0 -12.773470 4.998732 4.286515 0.750000 0.819073 -1
0 -18.809032 4.998730 3.422885 0.750000 0.819073 -1
0 -27.983343 1.644523 3.306578 0.750000 0.740592 -1
0 -28.973520 2.000006 2.283604 0.750000 0.796954 -1
0 -28.973520 -1.999994 2.283603 0.750000 0.796954 -1
0 -28.973511 1.999999 0.000000 0.750000 0.841058 -1
0 -28.973511 -2.000003 0.000000 0.750000 0.841058 -1
0 -28.973520 -1.999994 2.283603 0.750000 0.819073 -1
0 -13.795343 3.976389 5.800131 0.750000 0.740592 -1
0 -12.773009 4.999189 5.134222 0.750000 0.796954 -1
0 -26.032560 5.000006 2.713112 0.750000 0.796954 -1
0 -27.255703 3.262128 3.434458 0.750000 0.740592 -1
0 -27.997135 4.000006 2.455407 0.750000 0.796954 -1
0 -25.723829 3.976754 3.703684 0.750000 0.740592 -1
0 -27.255707 -3.262118 3.434474 0.750000 0.740592 -1
0 -27.997135 -3.999994 2.455406 0.750000 0.796954 -1
0 -27.997118 -4.000006 0.000000 0.750000 0.841058 -1
0 -26.032578 5.000002 0.000000 0.750000 0.841058 -1
0 -27.997116 4.000002 0.000000 0.750000 0.841058 -1
0 -27.997135 4.000006 2.455407 0.750000 0.819073 -1
0 -27.983343 -1.644513 3.306587 0.750000 0.740592 -1
0 -28.973520 2.000006 2.283604 0.750000 0.819073 -1
0 -27.997135 -3.999994 2.455406 0.750000 0.819073 -1
0 -26.032574 -4.999994 0.000000 0.750000 0.841058 -1
0 -13.794978 -3.976746 5.800217 0.532972 0.026841 -1
0 -16.498728 -1.272196 5.325021 0.613413 0.178840 -1
0 -25.723829 3.976754 3.703684 0.896507 0.473820 -1
0 -16.498730 1.272199 5.325015 0.613416 0.321837 -1
0 -13.795343 3.976389 5.800131 0.532994 0.473820 -1
0 -12.772200 -4.999998 5.134506 0.750000 0.796954 -1
0 -26.032560 -4.999994 2.713111 0.750000 0.819073 -1
0 -22.615557 -4.999997 1.075989 0.750000 0.841058 -1
0 -26.032560 5.000006 2.713112 0.750000 0.819073 -1
0 -22.615559 4.998732 1.075992 0.750000 0.841058 -1
0 -3.262127 -27.255703 3.434453 0.944715 0.433659 -1
0 3.262119 -27.255707 3.434471 0.944715 0.067003 -1
0 3.976745 -25.723833 3.703702 0.896507 0.026841 -1
0 -1.644522 -27.983343 3.306574 0.978223 0.370850 -1
0 1.644514 -27.983343 3.306583 0.978223 0.129811 -1
0 3.976747 -13.794979 5.800215 0.750000 0.740592 -1
0 3.976745 -25.723833 3.703702 0.750000 0.740592 -1
0 4.999994 -26.032560 2.713108 0.750000 0.796954 -1
0 4.999997 -18.808697 3.422879 0.750000 0.819073 -1
0 4.999997 -12.772202 4.286609 0.750000 0.819073 -1
0 4.999997 -12.772202 5.134505 0.750000 0.819073 -1
0 -4.999190 -12.773010 5.134218 0.750000 0.819073 -1
0 -4.998728 -12.773471 4.286511 0.750000 0.819073 -1
0 -4.998729 -18.809032 3.422881 0.750000 0.819073 -1
0 -1.644522 -27.983343 3.306574 0.750000 0.740592 -1
0 -2.000006 -28.973520 2.283599 0.750000 0.796954 -1
0 1.999994 -28.973520 2.283599 0.750000 0.796954 -1
0 -1.999998 -28.973511 0.000000 0.750000 0.841058 -1
0 2.000004 -28.973511 0.000000 0.750000 0.841058 -1
0 1.999994 -28.973520 2.283599 0.750000 0.819073 -1
0 -3.976388 -13.795344 5.800128 0.750000 0.740592 -1
0 -4.999190 -12.773010 5.134218 0.750000 0.796954 -1
0 -5.000006 -26.032560 2.713107 0.750000 0.796954 -1
0 -3.262127 -27.255703 3.434453 0.750000 0.740592 -1
0 -4.000004 -27.997135 2.455402 0.750000 0.796954 -1
0 -3.976753 -25.723829 3.703680 0.750000 0.740592 -1
0 3.262119 -27.255707 3.434471 0.750000 0.740592 -1
0 3.999996 -27.997135 2.455403 0.750000 0.796954 -1
0 4.000006 -27.997118 0.000000 0.750000 0.841058 -1
0 -5.000000 -26.032578 0.000000 0.750000 0.841058 -1
0 -4.000002 -27.997116 0.000000 0.750000 0.841058 -1
0 -4.000004 -27.997135 2.455402 0.750000 0.819073 -1
0 1.644514 -27.983343 3.306583 0.750000 0.740592 -1
0 -2.000006 -28.973520 2.283599 0.750000 0.819073 -1
0 3.999996 -27.997135 2.455403 0.750000 0.819073 -1
0 4.999996 -26.032574 0.000000 0.750000 0.841058 -1
0 3.976747 -13.794979 5.800215 0.532972 0.026841 -1
0 1.272196 -16.498728 5.325019 0.613413 0.178840 -1
0 -3.976753 -25.723829 3.703680 0.896507 0.473820 -1
0 -1.272200 -16.498730 5.325012 0.613416 0.321837 -1
0 -3.976388 -13.795344 5.800128 0.532994 0.473820 -1
0 4.999997 -12.772202 5.134505 0.750000 0.796954 -1
0 4.999994 -26.032560 2.713108 0.750000 0.819073 -1
0 4.999998 -22.615557 1.075986 0.750000 0.841058 -1
0 -5.000006 -26.032560 2.713107 0.750000 0.819073 -1
0 -4.998732 -22.615557 1.075988 0.750000 0.841058 -1
0 3.262131 27.255703 3.434460 0.944715 0.433659 -1
0 -3.262115 27.255707 3.434478 0.944715 0.067003 -1
0 -3.976743 25.723831 3.703709 0.896507 0.026841 -1
0 1.644525 27.983341 3.306581 0.978223 0.370850 -1
0 -1.644510 27.983343 3.306590 0.978223 0.129811 -1
0 -3.976745 13.794977 5.800219 0.750000 0.740592 -1
0 -3.976743 25.723831 3.703709 0.750000 0.740592 -1
0 -4.999992 26.032560 2.713115 0.750000 0.796954 -1
0 -4.999997 18.808693 3.422883 0.750000 0.819073 -1
0 -5.000001 12.772196 4.286612 0.750000 0.819073 -1
0 -4.999996 12.772198 5.134508 0.750000 0.819073 -1
0 4.999190 12.773008 5.134223 0.750000 0.819073 -1
0 4.998730 12.773469 4.286516 0.750000 0.819073 -1
0 4.998726 18.809032 3.422886 0.750000 0.819073 -1
0 1.644525 27.983341 3.306581 0.750000 0.740592 -1
0 2.000008 28.973520 2.283607 0.750000 0.796954 -1
0 -1.999992 28.973520 2.283607 0.750000 0.796954 -1
0 2.000000 28.973511 0.000000 0.750000 0.841058 -1
0 -2.000002 28.973511 0.000000 0.750000 0.841058 -1
0 -1.999992 28.973520 2.283607 0.750000 0.819073 -1
0 3.976390 13.795342 5.800132 0.750000 0.740592 -1
0 4.999190 12.773008 5.134223 0.750000 0.796954 -1
0 5.000008 26.032560 2.713114 0.750000 0.796954 -1
0 3.262131 27.255703 3.434460 0.750000 0.740592 -1
0 4.000008 27.997135 2.455410 0.750000 0.796954 -1
0 3.976755 25.723827 3.703687 0.750000 0.740592 -1
0 -3.262115 27.255707 3.434478 0.750000 0.740592 -1
0 -3.999992 27.997135 2.455410 0.750000 0.796954 -1
0 -4.000004 27.997118 0.000000 0.750000 0.841058 -1
0 4.999999 26.032558 0.000000 0.750000 0.841058 -1
0 4.000004 27.997116 0.000000 0.750000 0.841058 -1
0 4.000008 27.997135 2.455410 0.750000 0.819073 -1
0 -1.644510 27.983343 3.306590 0.750000 0.740592 -1
0 2.000008 28.973520 2.283607 0.750000 0.819073 -1
0 -3.999992 27.997135 2.455410 0.750000 0.819073 -1
0 -4.999996 26.032562 0.000000 0.750000 0.841058 -1
0 -3.976745 13.794977 5.800219 0.532972 0.026841 -1
0 -1.272194 16.498728 5.325024 0.613413 0.178840 -1
0 3.976755 25.723827 3.703687 0.896507 0.473820 -1
0 1.272202 16.498730 5.325016 0.613416 0.321837 -1
0 3.976390 13.795342 5.800132 0.532994 0.473820 -1
0 -4.999996 12.772198 5.134508 0.750000 0.796954 -1
0 -4.999992 26.032560 2.713115 0.750000 0.819073 -1
0 -5.000010 22.615553 1.075990 0.750000 0.841058 -1
0 5.000008 26.032560 2.713114 0.750000 0.819073 -1
0 4.998728 22.615555 1.075994 0.750000 0.841058 -1
0 27.255703 -3.262127 -3.434456 0.944715 0.433659 -1
0 25.723833 3.976745 -3.703705 0.896507 0.026841 -1
0 27.255705 3.262119 -3.434474 0.944715 0.067003 -1
0 27.983343 1.644514 -3.306587 0.978223 0.129811 -1
0 27.983341 -1.644522 -3.306577 0.978223 0.370850 -1
0 13.794978 3.976746 -5.800217 0.750000 0.740592 -1
0 26.032560 4.999996 -2.713112 0.750000 0.796954 -1
0 25.723833 3.976745 -3.703705 0.750000 0.740592 -1
0 18.808697 4.999999 -3.422883 0.750000 0.819073 -1
0 12.772200 4.999997 -5.134508 0.750000 0.819073 -1
0 12.772201 4.999998 -4.286612 0.750000 0.819073 -1
0 12.773009 -4.999190 -5.134220 0.750000 0.819073 -1
0 18.809032 -4.998729 -3.422883 0.750000 0.819073 -1
0 12.773470 -4.998729 -4.286513 0.750000 0.819073 -1
0 27.983341 -1.644522 -3.306577 0.750000 0.740592 -1
0 28.973520 1.999996 -2.283604 0.750000 0.796954 -1
0 28.973520 -2.000004 -2.283603 0.750000 0.796954 -1
0 28.973520 1.999996 -2.283604 0.750000 0.819073 -1
0 13.795343 -3.976389 -5.800130 0.750000 0.740592 -1
0 26.032560 -5.000004 -2.713110 0.750000 0.796954 -1
0 12.773009 -4.999190 -5.134220 0.750000 0.796954 -1
0 27.997135 -4.000004 -2.455406 0.750000 0.796954 -1
0 27.255703 -3.262127 -3.434456 0.750000 0.740592 -1
0 25.723829 -3.976753 -3.703683 0.750000 0.740592 -1
0 4.998726 18.809032 -3.422886 0.265625 0.953125 -1
0 18.808697 4.999999 -3.422883 0.265625 0.546875 -1
0 12.772201 4.999998 -4.286612 0.468750 0.546875 -1
0 4.998728 22.615555 -1.075994 0.109375 0.953125 -1
0 27.255705 3.262119 -3.434474 0.750000 0.740592 -1
0 27.997135 3.999996 -2.455407 0.750000 0.796954 -1
0 27.997135 -4.000004 -2.455406 0.750000 0.819073 -1
0 14.164608 -1.134225 -6.745823 0.109375 0.250000 -1
0 1.134223 -14.164609 -6.745826 0.109375 0.250000 -1
0 -0.000000 0.000000 -7.902840 0.468750 0.250000 -1
0 14.164609 1.134222 -6.745824 0.109375 0.250000 -1
0 1.134223 14.164609 -6.745826 0.109375 0.250000 -1
0 -1.134223 14.164609 -6.745826 0.109375 0.250000 -1
0 -14.164608 1.134225 -6.745828 0.109375 0.250000 -1
0 -14.164609 -1.134222 -6.745827 0.109375 0.250000 -1
0 -1.134223 -14.164609 -6.745826 0.109375 0.250000 -1
0 16.500000 -1.272199 -6.330737 0.031250 0.250001 -1
0 1.272197 -16.500000 -6.330739 0.031250 0.250001 -1
0 1.134223 -14.164609 -6.745826 0.031250 0.250001 -1
0 14.164609 1.134222 -6.745824 0.031250 0.250001 -1
0 16.500000 1.272196 -6.330738 0.031250 0.250001 -1
0 -1.134223 14.164609 -6.745826 0.031250 0.250001 -1
0 -1.272197 16.500000 -6.330739 0.031250 0.250001 -1
0 1.272198 16.500000 -6.330739 0.031250 0.250001 -1
0 -16.500000 1.272199 -6.330742 0.031250 0.250001 -1
0 -14.164609 -1.134222 -6.745827 0.031250 0.250001 -1
0 -16.500000 -1.272196 -6.330741 0.031250 0.250001 -1
0 -1.134223 -14.164609 -6.745826 0.031250 0.250001 -1
0 -1.272198 -16.500000 -6.330739 0.031250 0.250001 -1
0 1.134223 14.164609 -6.745826 0.031250 0.250001 -1
0 -16.500000 -1.272196 -3.422925 0.031250 0.250001 -1
0 16.500000 -1.272199 -3.422915 0.031250 0.250001 -1
0 -1.272198 -16.500000 -3.422837 0.031250 0.250001 -1
0 -16.500000 1.272199 -3.422925 0.031250 0.250001 -1
0 1.272198 16.500000 -3.422841 0.031250 0.250001 -1
0 16.500000 1.272196 -3.422926 0.031250 0.250001 -1
0 -1.272197 16.500000 -3.422841 0.031250 0.250001 -1
0 1.272197 -16.500000 -3.422825 0.031250 0.250001 -1
0 27.983343 1.644514 -3.306587 0.750000 0.740592 -1
0 28.973520 -2.000004 -2.283603 0.750000 0.819073 -1
0 27.997135 3.999996 -2.455407 0.750000 0.819073 -1
0 16.498728 1.272196 -5.325022 0.613413 0.178840 -1
0 13.794978 3.976746 -5.800217 0.532972 0.026841 -1
0 25.723829 -3.976753 -3.703683 0.896507 0.473820 -1
0 16.498730 -1.272199 -5.325014 0.613416 0.321837 -1
0 13.795343 -3.976389 -5.800130 0.532994 0.473820 -1
0 12.772200 4.999997 -5.134508 0.750000 0.796954 -1
0 26.032560 4.999996 -2.713112 0.750000 0.819073 -1
0 22.615557 4.999999 -1.075990 0.750000 0.841058 -1
0 26.032560 -5.000004 -2.713110 0.750000 0.819073 -1
0 22.615557 -4.998730 -1.075990 0.750000 0.841058 -1
0 4.998730 12.773469 -4.286516 0.468750 0.953125 -1
0 22.615557 4.999999 -1.075990 0.109375 0.546875 -1
0 14.164608 -1.134225 -6.745823 0.031250 0.250001 -1
0 -14.164608 1.134225 -6.745828 0.031250 0.250001 -1
0 -4.998729 -18.809032 -3.422881 0.265625 0.953125 -1
0 -18.808697 -4.999998 -3.422882 0.265625 0.546875 -1
0 -12.772201 -4.999998 -4.286610 0.468750 0.546875 -1
0 -4.998732 -22.615557 -1.075988 0.109375 0.953125 -1
0 -4.998728 -12.773471 -4.286511 0.468750 0.953125 -1
0 -22.615557 -4.999997 -1.075989 0.109375 0.546875 -1
0 18.808697 -4.999994 -3.422885 0.265625 0.953125 -1
0 4.999997 -18.808697 -3.422879 0.265625 0.546875 -1
0 4.999997 -12.772202 -4.286609 0.468750 0.546875 -1
0 22.615555 -5.000011 -1.075993 0.109375 0.953125 -1
0 12.772202 -4.999994 -4.286612 0.468750 0.953125 -1
0 4.999998 -22.615557 -1.075986 0.109375 0.546875 -1
0 -18.809032 4.998730 -3.422885 0.265625 0.953125 -1
0 -4.999997 18.808693 -3.422883 0.265625 0.546875 -1
0 -5.000001 12.772196 -4.286612 0.468750 0.546875 -1
0 -22.615559 4.998732 -1.075992 0.109375 0.953125 -1
0 -12.773470 4.998732 -4.286515 0.468750 0.953125 -1
0 -5.000010 22.615553 -1.075990 0.109375 0.546875 -1
0 -27.255703 3.262128 -3.434458 0.944715 0.433659 -1
0 -25.723833 -3.976744 -3.703705 0.896507 0.026841 -1
0 -27.255707 -3.262118 -3.434474 0.944715 0.067003 -1
0 -27.983343 -1.644513 -3.306587 0.978223 0.129811 -1
0 -27.983343 1.644523 -3.306578 0.978223 0.370850 -1
0 -13.794978 -3.976746 -5.800217 0.750000 0.740592 -1
0 -26.032560 -4.999994 -2.713111 0.750000 0.796954 -1
0 -25.723833 -3.976744 -3.703705 0.750000 0.740592 -1
0 -18.808697 -4.999998 -3.422882 0.750000 0.819073 -1
0 -12.772200 -4.999998 -5.134506 0.750000 0.819073 -1
0 -12.772201 -4.999998 -4.286610 0.750000 0.819073 -1
0 -12.773009 4.999189 -5.134222 0.750000 0.819073 -1
0 -18.809032 4.998730 -3.422885 0.750000 0.819073 -1
0 -12.773470 4.998732 -4.286515 0.750000 0.819073 -1
0 -27.983343 1.644523 -3.306578 0.750000 0.740592 -1
0 -28.973520 -1.999994 -2.283603 0.750000 0.796954 -1
0 -28.973520 2.000006 -2.283604 0.750000 0.796954 -1
0 -28.973520 -1.999994 -2.283603 0.750000 0.819073 -1
0 -13.795343 3.976389 -5.800131 0.750000 0.740592 -1
0 -26.032560 5.000006 -2.713112 0.750000 0.796954 -1
0 -12.773009 4.999189 -5.134222 0.750000 0.796954 -1
0 -27.997135 4.000006 -2.455407 0.750000 0.796954 -1
0 -27.255703 3.262128 -3.434458 0.750000 0.740592 -1
0 -25.723829 3.976754 -3.703684 0.750000 0.740592 -1
0 -27.255707 -3.262118 -3.434474 0.750000 0.740592 -1
0 -27.997135 -3.999994 -2.455406 0.750000 0.796954 -1
0 -27.997135 4.000006 -2.455407 0.750000 0.819073 -1
0 -27.983343 -1.644513 -3.306587 0.750000 0.740592 -1
0 -28.973520 2.000006 -2.283604 0.750000 0.819073 -1
0 -27.997135 -3.999994 -2.455406 0.750000 0.819073 -1
0 -16.498728 -1.272196 -5.325021 0.613413 0.178840 -1
0 -13.794978 -3.976746 -5.800217 0.532972 0.026841 -1
0 -25.723829 3.976754 -3.703684 0.896507 0.473820 -1
0 -16.498730 1.272199 -5.325015 0.613416 0.321837 -1
0 -13.795343 3.976389 -5.800131 0.532994 0.473820 -1
0 -12.772200 -4.999998 -5.134506 0.750000 0.796954 -1
0 -26.032560 -4.999994 -2.713111 0.750000 0.819073 -1
0 -22.615557 -4.999997 -1.075989 0.750000 0.841058 -1
0 -26.032560 5.000006 -2.713112 0.750000 0.819073 -1
0 -22.615559 4.998732 -1.075992 0.750000 0.841058 -1
0 -3.262127 -27.255703 -3.434453 0.944715 0.433659 -1
0 3.976745 -25.723833 -3.703702 0.896507 0.026841 -1
0 3.262119 -27.255707 -3.434471 0.944715 0.067003 -1
0 1.644514 -27.983343 -3.306583 0.978223 0.129811 -1
0 -1.644522 -27.983343 -3.306574 0.978223 0.370850 -1
0 3.976747 -13.794979 -5.800215 0.750000 0.740592 -1
0 4.999994 -26.032560 -2.713108 0.750000 0.796954 -1
0 3.976745 -25.723833 -3.703702 0.750000 0.740592 -1
0 4.999997 -18.808697 -3.422879 0.750000 0.819073 -1
0 4.999997 -12.772202 -5.134505 0.750000 0.819073 -1
0 4.999997 -12.772202 -4.286609 0.750000 0.819073 -1
0 -4.999190 -12.773010 -5.134218 0.750000 0.819073 -1
0 -4.998729 -18.809032 -3.422881 0.750000 0.819073 -1
0 -4.998728 -12.773471 -4.286511 0.750000 0.819073 -1
0 -1.644522 -27.983343 -3.306574 0.750000 0.740592 -1
0 1.999994 -28.973520 -2.283599 0.750000 0.796954 -1
0 -2.000006 -28.973520 -2.283599 0.750000 0.796954 -1
0 1.999994 -28.973520 -2.283599 0.750000 0.819073 -1
0 -3.976388 -13.795344 -5.800128 0.750000 0.740592 -1
0 -5.000006 -26.032560 -2.713107 0.750000 0.796954 -1
0 -4.999190 -12.773010 -5.134218 0.750000 0.796954 -1
0 -4.000004 -27.997135 -2.455402 0.750000 0.796954 -1
0 -3.262127 -27.255703 -3.434453 0.750000 0.740592 -1
0 -3.976753 -25.723829 -3.703680 0.750000 0.740592 -1
0 3.262119 -27.255707 -3.434471 0.750000 0.740592 -1
0 3.999996 -27.997135 -2.455403 0.750000 0.796954 -1
0 -4.000004 -27.997135 -2.455402 0.750000 0.819073 -1
0 1.644514 -27.983343 -3.306583 0.750000 0.740592 -1
0 -2.000006 -28.973520 -2.283599 0.750000 0.819073 -1
0 3.999996 -27.997135 -2.455403 0.750000 0.819073 -1
0 1.272196 -16.498728 -5.325019 0.613413 0.178840 -1
0 3.976747 -13.794979 -5.800215 0.532972 0.026841 -1
0 -3.976753 -25.723829 -3.703680 0.896507 0.473820 -1
0 -1.272200 -16.498730 -5.325012 0.613416 0.321837 -1
0 -3.976388 -13.795344 -5.800128 0.532994 0.473820 -1
0 4.999997 -12.772202 -5.134505 0.750000 0.796954 -1
0 4.999994 -26.032560 -2.713108 0.750000 0.819073 -1
0 4.999998 -22.615557 -1.075986 0.750000 0.841058 -1
0 -5.000006 -26.032560 -2.713107 0.750000 0.819073 -1
0 -4.998732 -22.615557 -1.075988 0.750000 0.841058 -1
0 3.262131 27.255703 -3.434460 0.944715 0.433659 -1
0 -3.976743 25.723831 -3.703709 0.896507 0.026841 -1
0 -3.262115 27.255707 -3.434478 0.944715 0.067003 -1
0 -1.644510 27.983343 -3.306590 0.978223 0.129811 -1
0 1.644525 27.983341 -3.306581 0.978223 0.370850 -1
0 -3.976745 13.794977 -5.800219 0.750000 0.740592 -1
0 -4.999992 26.032560 -2.713115 0.750000 0.796954 -1
0 -3.976743 25.723831 -3.703709 0.750000 0.740592 -1
0 -4.999997 18.808693 -3.422883 0.750000 0.819073 -1
0 -4.999996 12.772198 -5.134508 0.750000 0.819073 -1
0 -5.000001 12.772196 -4.286612 0.750000 0.819073 -1
0 4.999190 12.773008 -5.134223 0.750000 0.819073 -1
0 4.998726 18.809032 -3.422886 0.750000 0.819073 -1
0 4.998730 12.773469 -4.286516 0.750000 0.819073 -1
0 1.644525 27.983341 -3.306581 0.750000 0.740592 -1
0 -1.999992 28.973520 -2.283607 0.750000 0.796954 -1
0 2.000008 28.973520 -2.283607 0.750000 0.796954 -1
0 -1.999992 28.973520 -2.283607 0.750000 0.819073 -1
0 3.976390 13.795342 -5.800132 0.750000 0.740592 -1
0 5.000008 26.032560 -2.713114 0.750000 0.796954 -1
0 4.999190 12.773008 -5.134223 0.750000 0.796954 -1
0 4.000008 27.997135 -2.455410 0.750000 0.796954 -1
0 3.262131 27.255703 -3.434460 0.750000 0.740592 -1
0 3.976755 25.723827 -3.703687 0.750000 0.740592 -1
0 -3.262115 27.255707 -3.434478 0.750000 0.740592 -1
0 -3.999992 27.997135 -2.455410 0.750000 0.796954 -1
0 4.000008 27.997135 -2.455410 0.750000 0.819073 -1
0 -1.644510 27.983343 -3.306590 0.750000 0.740592 -1
0 2.000008 28.973520 -2.283607 0.750000 0.819073 -1
0 -3.999992 27.997135 -2.455410 0.750000 0.819073 -1
0 -1.272194 16.498728 -5.325024 0.613413 0.178840 -1
0 -3.976745 13.794977 -5.800219 0.532972 0.026841 -1
0 3.976755 25.723827 -3.703687 0.896507 0.473820 -1
0 1.272202 16.498730 -5.325016 0.613416 0.321837 -1
0 3.976390 13.795342 -5.800132 0.532994 0.473820 -1
0 -4.999996 12.772198 -5.134508 0.750000 0.796954 -1
0 -4.999992 26.032560 -2.713115 0.750000 0.819073 -1
0 -5.000010 22.615553 -1.075990 0.750000 0.841058 -1
0 5.000008 26.032560 -2.713114 0.750000 0.819073 -1
0 4.998728 22.615555 -1.075994 0.750000 0.841058 -1
256
0.410900 -0.268500 0.871200
0.410900 0.268500 0.871200
0.230400 0.376400 0.897300
0.488200 -0.071900 0.869700
0.488200 0.071900 0.869700
0.154600 0.489900 0.857900
0.264800 0.888500 0.374800
0.210800 0.866500 0.452400
0.106400 0.660200 0.743500
0.063400 0.935700 0.347000
0.063300 -0.935800 0.346700
-0.000100 -1.000000 -0.000500
-0.000300 -1.000000 -0.001200
0.910900 -0.201100 0.360300
0.910900 0.201100 0.360300
0.974300 -0.225100 0.000000
0.974300 0.225100 0.000000
0.154500 -0.490000 0.857900
0.264700 -0.888500 0.374700
0.684500 -0.629000 0.368400
0.230400 -0.376400 0.897300
0.866900 0.210700 0.451800
0.797900 0.218800 0.561600
0.311300 0.950300 0.000000
0.950300 0.311200 0.000000
0.684500 0.629000 0.368400
0.713000 0.701200 0.000000
0.311200 -0.950300 0.000000
0.713000 -0.701200 0.000000
0.135200 -0.070100 0.988300
0.000000 0.000000 1.000000
0.070100 -0.135200 0.988300
0.135200 0.070100 0.988300
0.070100 0.135200 0.988300
-0.070100 0.135200 0.988300
-0.135200 0.070100 0.988300
-0.135200 -0.070100 0.988300
-0.070100 -0.135200 0.988300
0.760000 -0.308000 0.572300
0.308000 -0.760000 0.572300
0.760000 0.308000 0.572300
0.308000 0.760000 0.572300
-0.308000 0.760000 0.572300
-0.760000 0.308000 0.572300
-0.760000 -0.308000 0.572300
-0.308000 -0.760000 0.572300
-0.923900 -0.382700 0.000000
0.923900 -0.382700 0.000000
-0.382700 -0.923900 0.000000
-0.923900 0.382700 0.000000
0.923900 0.382700 0.000000
0.382700 0.923900 0.000000
-0.382700 0.923900 0.000000
0.382700 -0.923900 0.000000
0.173100 0.000000 0.984900
0.218900 0.797800 0.561700
-0.000200 -1.000000 -0.000200
0.660500 0.106400 0.743300
-0.866900 -0.210700 0.451800
-0.106400 -0.660200 0.743500
-0.210800 -0.866500 0.452400
-0.797900 -0.218800 0.561600
-0.311300 -0.950300 0.000000
-0.950300 -0.311200 0.000000
-0.660500 -0.106400 0.743300
-0.218900 -0.797800 0.561700
0.389000 -0.389000 0.835000
0.660200 -0.106400 0.743500
0.866500 -0.210800 0.452400
0.341300 -0.341300 0.875800
0.950300 -0.311300 0.000000
0.140200 -0.140200 0.980100
0.797800 -0.218900 0.561700
-0.210700 0.866900 0.451800
-0.660200 0.106400 0.743500
-0.866500 0.210800 0.452400
-0.218800 0.797900 0.561600
-0.950300 0.311300 0.000000
-0.311200 0.950300 0.000000
-0.106400 0.660500 0.743300
-0.797800 0.218900 0.561700
-0.410900 0.268500 0.871200
-0.410900 -0.268500 0.871200
-0.230400 -0.376400 0.897300
-0.488200 0.071900 0.869700
-0.488200 -0.071900 0.869700
-0.154600 -0.489900 0.857900
-0.264800 -0.888500 0.374800
-0.063400 -0.935700 0.347000
-0.063300 0.935800 0.346700
-0.910900 0.201100 0.360300
-0.910900 -0.201100 0.360300
-0.974300 0.225100 0.000000
-0.974300 -0.225100 0.000000
-0.154500 0.490000 0.857900
-0.264700 0.888500 0.374700
-0.684500 0.629000 0.368400
-0.230400 0.376400 0.897300
-0.684500 -0.629000 0.368400
-0.713000 -0.701200 0.000000
-0.713000 0.701200 0.000000
-0.173100 0.000000 0.984900
-0.268500 -0.410900 0.871200
0.268500 -0.410900 0.871200
0.376400 -0.230400 0.897300
-0.071900 -0.488200 0.869700
0.071900 -0.488200 0.869700
0.489900 -0.154600 0.857900
0.888500 -0.264800 0.374800
0.935700 -0.063400 0.347000
-0.935800 -0.063300 0.346700
-0.201100 -0.910900 0.360300
0.201100 -0.910900 0.360300
-0.225100 -0.974300 0.000000
0.225100 -0.974300 0.000000
-0.490000 -0.154500 0.857900
-0.888500 -0.264700 0.374700
-0.629000 -0.684500 0.368400
-0.376400 -0.230400 0.897300
0.629000 -0.684500 0.368400
0.701200 -0.713000 0.000000
-0.701200 -0.713000 0.000000
0.000000 -0.173100 0.984900
0.268500 0.410900 0.871200
-0.268500 0.410900 0.871200
-0.376400 0.230400 0.897300
0.071900 0.488200 0.869700
-0.071900 0.488200 0.869700
-0.489900 0.154600 0.857900
-0.888500 0.264800 0.374800
-0.935700 0.063400 0.347000
0.935800 0.063300 0.346700
0.201100 0.910900 0.360300
-0.201100 0.910900 0.360300
0.225100 0.974300 0.000000
-0.225100 0.974300 0.000000
0.490000 0.154500 0.857900
0.888500 0.264700 0.374700
0.629000 0.684500 0.368400
0.376400 0.230400 0.897300
-0.629000 0.684500 0.368400
-0.701200 0.713000 0.000000
0.701200 0.713000 0.000000
0.000000 0.173100 0.984900
0.410900 -0.268500 -0.871200
0.230400 0.376400 -0.897300
0.410900 0.268500 -0.871200
0.488200 0.071900 -0.869700
0.488200 -0.071900 -0.869700
0.154600 0.489900 -0.857900
0.264800 0.888500 -0.374800
0.210800 0.866500 -0.452400
0.063400 0.935700 -0.347000
0.106400 0.660200 -0.743500
0.063300 -0.935800 -0.346700
-0.000300 -1.000000 0.001200
-0.000100 -1.000000 0.000500
0.910900 0.201100 -0.360300
0.910900 -0.201100 -0.360300
0.154500 -0.490000 -0.857900
0.264700 -0.888500 -0.374700
0.684500 -0.629000 -0.368400
0.230400 -0.376400 -0.897300
0.866900 0.210700 -0.451800
0.797900 0.218800 -0.561600
0.684500 0.629000 -0.368400
0.135200 -0.070100 -0.988300
0.070100 -0.135200 -0.988300
0.000000 0.000000 -1.000000
0.135200 0.070100 -0.988300
0.070100 0.135200 -0.988300
-0.070100 0.135200 -0.988300
-0.135200 0.070100 -0.988300
-0.135200 -0.070100 -0.988300
-0.070100 -0.135200 -0.988300
0.760000 -0.308000 -0.572300
0.308000 -0.760000 -0.572300
0.760000 0.308000 -0.572300
-0.308000 0.760000 -0.572300
0.308000 0.760000 -0.572300
-0.760000 0.308000 -0.572300
-0.760000 -0.308000 -0.572300
-0.308000 -0.760000 -0.572300
0.173100 0.000000 -0.984900
0.218900 0.797800 -0.561700
-0.000200 -1.000000 0.000200
0.660500 0.106400 -0.743300
-0.866900 -0.210700 -0.451800
-0.210800 -0.866500 -0.452400
-0.106400 -0.660200 -0.743500
-0.797900 -0.218800 -0.561600
-0.660500 -0.106400 -0.743300
-0.218900 -0.797800 -0.561700
0.389000 -0.389000 -0.835000
0.866500 -0.210800 -0.452400
0.660200 -0.106400 -0.743500
0.341300 -0.341300 -0.875800
0.140200 -0.140200 -0.980100
0.797800 -0.218900 -0.561700
-0.210700 0.866900 -0.451800
-0.866500 0.210800 -0.452400
-0.660200 0.106400 -0.743500
-0.218800 0.797900 -0.561600
-0.106400 0.660500 -0.743300
-0.797800 0.218900 -0.561700
-0.410900 0.268500 -0.871200
-0.230400 -0.376400 -0.897300
-0.410900 -0.268500 -0.871200
-0.488200 -0.071900 -0.869700
-0.488200 0.071900 -0.869700
-0.154600 -0.489900 -0.857900
-0.264800 -0.888500 -0.374800
-0.063400 -0.935700 -0.347000
-0.063300 0.935800 -0.346700
-0.910900 -0.201100 -0.360300
-0.910900 0.201100 -0.360300
-0.154500 0.490000 -0.857900
-0.264700 0.888500 -0.374700
-0.684500 0.629000 -0.368400
-0.230400 0.376400 -0.897300
-0.684500 -0.629000 -0.368400
-0.173100 0.000000 -0.984900
-0.268500 -0.410900 -0.871200
0.376400 -0.230400 -0.897300
0.268500 -0.410900 -0.871200
0.071900 -0.488200 -0.869700
-0.071900 -0.488200 -0.869700
0.489900 -0.154600 -0.857900
0.888500 -0.264800 -0.374800
0.935700 -0.063400 -0.347000
-0.935800 -0.063300 -0.346700
0.201100 -0.910900 -0.360300
-0.201100 -0.910900 -0.360300
-0.490000 -0.154500 -0.857900
-0.888500 -0.264700 -0.374700
-0.629000 -0.684500 -0.368400
-0.376400 -0.230400 -0.897300
0.629000 -0.684500 -0.368400
0.000000 -0.173100 -0.984900
0.268500 0.410900 -0.871200
-0.376400 0.230400 -0.897300
-0.268500 0.410900 -0.871200
-0.071900 0.488200 -0.869700
0.071900 0.488200 -0.869700
-0.489900 0.154600 -0.857900
-0.888500 0.264800 -0.374800
-0.935700 0.063400 -0.347000
0.935800 0.063300 -0.346700
-0.201100 0.910900 -0.360300
0.201100 0.910900 -0.360300
0.490000 0.154500 -0.857900
0.888500 0.264700 -0.374700
0.629000 0.684500 -0.368400
0.376400 0.230400 -0.897300
-0.629000 0.684500 -0.368400
0.000000 0.173100 -0.984900
448
0 0 1 2 0 1 2 1
0 0 3 4 0 3 4 1
0 5 6 7 5 2 6 1
0 8 9 10 7 8 9 1
0 11 12 13 10 11 12 1
0 14 15 16 3 13 14 1
0 17 18 19 15 16 14 1
0 20 21 22 17 10 18 1
0 14 23 24 3 0 19 1
0 23 25 22 0 20 18 1
0 26 27 28 21 8 7 1
0 28 29 26 7 22 21 1
0 29 30 31 22 23 24 1
0 32 33 7 1 25 6 1
0 19 18 34 14 16 26 1
0 35 36 37 27 28 19 1
0 38 39 40 29 30 31 1
0 41 39 38 32 30 29 1
0 42 39 41 33 30 32 1
0 43 39 42 34 30 33 1
0 44 39 43 35 30 34 1
0 45 39 44 36 30 35 1
0 46 39 45 37 30 36 1
0 40 39 46 31 30 37 1
0 47 48 49 38 31 39 1
0 50 47 51 32 38 40 1
0 52 53 54 34 41 42 1
0 55 52 54 43 34 42 1
0 56 55 57 36 43 44 1
0 58 57 59 37 44 45 1
0 48 59 49 31 45 39 1
0 60 51 53 33 40 41 1
0 55 61 57 43 46 44 1
0 49 62 47 39 47 38 1
0 59 61 63 45 46 48 1
0 54 64 55 42 49 43 1
0 53 65 66 41 50 51 1
0 47 65 51 38 50 40 1
0 53 67 54 41 52 42 1
0 49 63 68 39 48 53 1
0 69 16 33 4 14 25 1
0 36 17 70 28 15 13 1
0 71 34 72 25 26 23 1
0 2 73 74 2 5 54 1
0 0 2 75 0 2 20 1
0 76 75 2 54 20 2 1
0 77 75 76 17 20 54 1
0 0 4 1 0 4 1 1
0 5 7 78 5 6 9 1
0 8 10 79 7 9 6 1
0 79 80 8 6 55 7 1
0 79 72 80 6 23 55 1
0 11 13 81 10 12 18 1
0 13 82 81 12 56 18 1
0 82 35 81 56 27 18 1
0 14 16 69 3 14 4 1
0 17 19 70 15 14 13 1
0 20 22 25 17 18 20 1
0 14 24 15 3 19 13 1
0 23 22 24 0 18 19 1
0 32 7 6 1 6 2 1
0 19 34 71 14 26 25 1
0 35 37 81 27 19 18 1
0 69 33 32 4 25 1 1
0 26 83 27 21 57 8 1
0 28 84 29 7 55 22 1
0 29 84 30 22 55 23 1
0 2 74 76 2 54 54 1
0 36 70 37 28 13 19 1
0 47 85 48 38 29 31 1
0 50 85 47 32 29 38 1
0 52 60 53 34 33 41 1
0 55 86 52 43 35 34 1
0 56 86 55 36 35 43 1
0 58 56 57 37 36 44 1
0 48 58 59 31 37 45 1
0 60 50 51 33 32 40 1
0 55 64 61 43 49 46 1
0 49 68 62 39 53 47 1
0 59 57 61 45 44 46 1
0 54 67 64 42 52 49 1
0 53 51 65 41 40 50 1
0 47 62 65 38 47 50 1
0 53 66 67 41 51 52 1
0 49 59 63 39 45 48 1
0 71 72 79 25 23 6 1
0 87 88 89 58 59 60 1
0 89 90 87 60 61 58 1
0 90 91 92 61 62 63 1
0 87 93 88 58 64 59 1
0 89 94 90 60 65 61 1
0 90 94 91 61 65 62 1
0 95 96 97 66 67 68 1
0 97 98 95 68 69 66 1
0 98 99 100 69 70 27 1
0 95 101 96 66 71 67 1
0 97 102 98 68 72 69 1
0 98 102 99 69 72 70 1
0 103 104 105 73 74 75 1
0 105 106 103 75 76 73 1
0 106 107 108 76 77 78 1
0 103 109 104 73 79 74 1
0 105 110 106 75 80 76 1
0 106 110 107 76 80 77 1
0 111 112 113 81 82 83 1
0 111 114 115 81 84 85 1
0 116 117 118 86 83 87 1
0 119 120 121 60 59 88 1
0 122 123 124 89 79 73 1
0 125 126 127 84 90 91 1
0 128 129 130 92 93 91 1
0 131 132 133 94 89 95 1
0 125 134 135 84 81 96 1
0 134 136 133 81 97 95 1
0 137 138 118 82 98 87 1
0 130 129 139 91 93 99 1
0 140 141 142 78 100 96 1
0 143 127 138 85 91 98 1
0 141 128 144 100 92 90 1
0 145 139 146 98 99 62 1
0 113 147 148 83 86 101 1
0 111 113 149 81 83 97 1
0 150 149 113 101 97 83 1
0 151 149 150 94 97 101 1
0 111 115 112 81 85 82 1
0 116 118 152 86 87 88 1
0 119 121 153 60 88 87 1
0 153 154 119 87 65 60 1
0 153 146 154 87 62 65 1
0 122 124 155 89 73 95 1
0 124 156 155 73 76 95 1
0 156 140 155 76 78 95 1
0 125 127 143 84 91 85 1
0 128 130 144 92 91 90 1
0 131 133 136 94 95 97 1
0 125 135 126 84 96 90 1
0 134 133 135 81 95 96 1
0 137 118 117 82 87 83 1
0 130 139 145 91 99 98 1
0 140 142 155 78 96 95 1
0 143 138 137 85 98 82 1
0 113 148 150 83 101 101 1
0 141 144 142 100 90 96 1
0 145 146 153 98 62 87 1
0 157 158 159 102 103 104 1
0 157 160 161 102 105 106 1
0 162 163 164 107 104 108 1
0 165 166 167 68 67 109 1
0 168 169 170 110 64 58 1
0 171 172 173 105 111 112 1
0 174 175 176 113 114 112 1
0 177 178 179 115 110 116 1
0 171 180 181 105 102 117 1
0 180 182 179 102 118 116 1
0 183 184 164 103 119 108 1
0 176 175 185 112 114 120 1
0 186 187 188 63 121 117 1
0 189 173 184 106 112 119 1
0 187 174 190 121 113 111 1
0 191 185 192 119 120 70 1
0 159 193 194 104 107 122 1
0 157 159 195 102 104 118 1
0 196 195 159 122 118 104 1
0 197 195 196 115 118 122 1
0 157 161 158 102 106 103 1
0 162 164 198 107 108 109 1
0 165 167 199 68 109 108 1
0 199 200 165 108 72 68 1
0 199 192 200 108 70 72 1
0 168 170 201 110 58 116 1
0 170 202 201 58 61 116 1
0 202 186 201 61 63 116 1
0 171 173 189 105 112 106 1
0 174 176 190 113 112 111 1
0 177 179 182 115 116 118 1
0 171 181 172 105 117 111 1
0 180 179 181 102 116 117 1
0 183 164 163 103 108 104 1
0 176 185 191 112 120 119 1
0 186 188 201 63 117 116 1
0 189 184 183 106 119 103 1
0 159 194 196 104 122 122 1
0 187 190 188 121 111 117 1
0 191 192 199 119 70 108 1
0 203 204 205 123 124 125 1
0 203 206 207 123 126 127 1
0 208 209 210 128 125 129 1
0 211 212 213 75 74 130 1
0 214 215 216 131 57 21 1
0 217 218 219 126 132 133 1
0 220 221 222 134 135 133 1
0 223 224 225 136 131 137 1
0 217 226 227 126 123 138 1
0 226 228 225 123 139 137 1
0 229 230 210 124 140 129 1
0 222 221 231 133 135 141 1
0 232 233 234 24 142 138 1
0 235 219 230 127 133 140 1
0 233 220 236 142 134 132 1
0 237 231 238 140 141 77 1
0 205 239 240 125 128 143 1
0 203 205 241 123 125 139 1
0 242 241 205 143 139 125 1
0 243 241 242 136 139 143 1
0 203 207 204 123 127 124 1
0 208 210 244 128 129 130 1
0 211 213 245 75 130 129 1
0 245 246 211 129 80 75 1
0 245 238 246 129 77 80 1
0 214 216 247 131 21 137 1
0 216 248 247 21 22 137 1
0 248 232 247 22 24 137 1
0 217 219 235 126 133 127 1
0 220 222 236 134 133 132 1
0 223 225 228 136 137 139 1
0 217 227 218 126 138 132 1
0 226 225 227 123 137 138 1
0 229 210 209 124 129 125 1
0 222 231 237 133 141 140 1
0 232 234 247 24 138 137 1
0 235 230 229 127 140 124 1
0 205 240 242 125 143 143 1
0 233 236 234 142 132 138 1
0 237 238 245 140 77 129 1
0 249 250 251 144 145 146 1
0 249 252 253 144 147 148 1
0 254 255 256 149 150 145 1
0 257 258 259 151 152 153 1
0 260 261 262 154 155 156 1
0 263 264 265 148 157 158 1
0 17 266 18 15 157 16 1
0 267 268 269 159 160 154 1
0 263 270 271 148 161 144 1
0 271 268 272 144 160 162 1
0 273 274 275 163 151 153 1
0 274 273 276 151 163 164 1
0 276 31 30 164 24 23 1
0 277 255 278 146 150 165 1
0 266 34 18 157 26 16 1
0 35 279 36 27 161 28 1
0 280 281 282 166 167 168 1
0 283 280 282 169 166 168 1
0 284 283 282 170 169 168 1
0 285 284 282 171 170 168 1
0 286 285 282 172 171 168 1
0 287 286 282 173 172 168 1
0 288 287 282 174 173 168 1
0 281 288 282 167 174 168 1
0 289 290 291 175 176 167 1
0 292 293 289 169 177 175 1
0 294 295 296 171 178 179 1
0 297 295 294 180 178 171 1
0 298 299 297 173 181 180 1
0 300 301 299 174 182 181 1
0 291 290 301 167 176 182 1
0 302 296 293 170 179 177 1
0 297 299 303 180 181 46 1
0 290 289 304 176 175 47 1
0 301 305 303 182 48 46 1
0 295 297 306 178 180 49 1
0 296 307 308 179 51 50 1
0 289 293 308 175 177 50 1
0 296 295 309 179 178 52 1
0 290 310 305 176 53 48 1
0 311 278 264 147 165 157 1
0 36 312 17 28 158 15 1
0 313 72 34 165 23 26 1
0 250 314 315 145 183 149 1
0 249 316 250 144 162 145 1
0 317 250 316 183 145 162 1
0 318 317 316 159 183 162 1
0 249 251 252 144 146 147 1
0 254 319 255 149 152 150 1
0 257 320 258 151 150 152 1
0 320 257 321 150 151 184 1
0 320 321 72 150 184 23 1
0 260 322 261 154 160 155 1
0 261 322 323 155 160 185 1
0 323 322 35 185 160 27 1
0 263 311 264 148 147 157 1
0 17 312 266 15 158 157 1
0 267 272 268 159 162 160 1
0 263 265 270 148 158 161 1
0 271 270 268 144 161 160 1
0 277 256 255 146 145 150 1
0 266 313 34 157 165 26 1
0 35 322 279 27 160 161 1
0 311 277 278 147 146 165 1
0 273 275 324 163 153 186 1
0 274 276 325 151 164 184 1
0 276 30 325 164 23 184 1
0 250 317 314 145 183 183 1
0 36 279 312 28 161 158 1
0 289 291 326 175 167 166 1
0 292 289 326 169 175 166 1
0 294 296 302 171 179 170 1
0 297 294 327 180 171 172 1
0 298 297 327 173 180 172 1
0 300 299 298 174 181 173 1
0 291 301 300 167 182 174 1
0 302 293 292 170 177 169 1
0 297 303 306 180 46 49 1
0 290 304 310 176 47 53 1
0 301 303 299 182 46 181 1
0 295 306 309 178 49 52 1
0 296 308 293 179 50 177 1
0 289 308 304 175 50 47 1
0 296 309 307 179 52 51 1
0 290 305 301 176 48 182 1
0 313 320 72 165 150 23 1
0 328 329 330 187 188 189 1
0 329 328 331 188 187 190 1
0 331 92 91 190 63 62 1
0 328 330 332 187 189 191 1
0 329 331 333 188 190 192 1
0 331 91 333 190 62 192 1
0 334 335 336 193 194 195 1
0 335 334 337 194 193 196 1
0 337 100 99 196 27 70 1
0 334 336 338 193 195 197 1
0 335 337 339 194 196 198 1
0 337 99 339 196 70 198 1
0 340 341 342 199 200 201 1
0 341 340 343 200 199 202 1
0 343 108 107 202 78 77 1
0 340 342 344 199 201 203 1
0 341 343 345 200 202 204 1
0 343 107 345 202 77 204 1
0 346 347 348 205 206 207 1
0 346 349 350 205 208 209 1
0 351 352 353 210 211 206 1
0 354 355 356 188 212 189 1
0 357 358 359 213 199 203 1
0 360 361 362 209 214 215 1
0 128 363 129 92 214 93 1
0 364 365 366 216 217 213 1
0 360 367 368 209 218 205 1
0 368 365 369 205 217 219 1
0 370 352 371 207 211 220 1
0 363 139 129 214 99 93 1
0 140 372 141 78 218 100 1
0 373 371 361 208 220 214 1
0 141 374 128 100 215 92 1
0 375 146 139 220 62 99 1
0 347 376 377 206 221 210 1
0 346 378 347 205 219 206 1
0 379 347 378 221 206 219 1
0 380 379 378 216 221 219 1
0 346 348 349 205 207 208 1
0 351 381 352 210 212 211 1
0 354 382 355 188 211 212 1
0 382 354 383 211 188 192 1
0 382 383 146 211 192 62 1
0 357 384 358 213 217 199 1
0 358 384 385 199 217 202 1
0 385 384 140 202 217 78 1
0 360 373 361 209 208 214 1
0 128 374 363 92 215 214 1
0 364 369 365 216 219 217 1
0 360 362 367 209 215 218 1
0 368 367 365 205 218 217 1
0 370 353 352 207 206 211 1
0 363 375 139 214 220 99 1
0 140 384 372 78 217 218 1
0 373 370 371 208 207 220 1
0 347 379 376 206 221 221 1
0 141 372 374 100 218 215 1
0 375 382 146 220 211 62 1
0 386 387 388 222 223 224 1
0 386 389 390 222 225 226 1
0 391 392 393 227 228 223 1
0 394 395 396 194 229 195 1
0 397 398 399 230 187 191 1
0 400 401 402 226 231 232 1
0 174 403 175 113 231 114 1
0 404 405 406 233 234 230 1
0 400 407 408 226 235 222 1
0 408 405 409 222 234 236 1
0 410 392 411 224 228 237 1
0 403 185 175 231 120 114 1
0 186 412 187 63 235 121 1
0 413 411 401 225 237 231 1
0 187 414 174 121 232 113 1
0 415 192 185 237 70 120 1
0 387 416 417 223 238 227 1
0 386 418 387 222 236 223 1
0 419 387 418 238 223 236 1
0 420 419 418 233 238 236 1
0 386 388 389 222 224 225 1
0 391 421 392 227 229 228 1
0 394 422 395 194 228 229 1
0 422 394 423 228 194 198 1
0 422 423 192 228 198 70 1
0 397 424 398 230 234 187 1
0 398 424 425 187 234 190 1
0 425 424 186 190 234 63 1
0 400 413 401 226 225 231 1
0 174 414 403 113 232 231 1
0 404 409 405 233 236 234 1
0 400 402 407 226 232 235 1
0 408 407 405 222 235 234 1
0 410 393 392 224 223 228 1
0 403 415 185 231 237 120 1
0 186 424 412 63 234 235 1
0 413 410 411 225 224 237 1
0 387 419 416 223 238 238 1
0 187 412 414 121 235 232 1
0 415 422 192 237 228 70 1
0 426 427 428 239 240 241 1
0 426 429 430 239 242 243 1
0 431 432 433 244 245 240 1
0 434 435 436 200 246 201 1
0 437 438 439 247 163 186 1
0 440 441 442 243 248 249 1
0 220 443 221 134 248 135 1
0 444 445 446 250 251 247 1
0 440 447 448 243 252 239 1
0 448 445 449 239 251 253 1
0 450 432 451 241 245 254 1
0 443 231 221 248 141 135 1
0 232 452 233 24 252 142 1
0 453 451 441 242 254 248 1
0 233 454 220 142 249 134 1
0 455 238 231 254 77 141 1
0 427 456 457 240 255 244 1
0 426 458 427 239 253 240 1
0 459 427 458 255 240 253 1
0 460 459 458 250 255 253 1
0 426 428 429 239 241 242 1
0 431 461 432 244 246 245 1
0 434 462 435 200 245 246 1
0 462 434 463 245 200 204 1
0 462 463 238 245 204 77 1
0 437 464 438 247 251 163 1
0 438 464 465 163 251 164 1
0 465 464 232 164 251 24 1
0 440 453 441 243 242 248 1
0 220 454 443 134 249 248 1
0 444 449 445 250 253 251 1
0 440 442 447 243 249 252 1
0 448 447 445 239 252 251 1
0 450 433 432 241 240 245 1
0 443 455 231 248 254 141 1
0 232 464 452 24 251 252 1
0 453 450 451 242 241 254 1
0 427 459 456 240 255 255 1
0 233 452 454 142 252 249 1
0 455 462 238 254 245 77 1

Materials: 1
"MineBody"
0.000000 0.000000 0.000000 1.000000
1.000000 1.000000 1.000000 1.000000
1.000000 1.000000 1.000000 1.000000
0.000000 0.000000 0.000000 1.000000
0.000000
1.000000
"Textures/MineBody.png"
""

Bones: 0
GroupComments: 0
MaterialComments: 0
BoneComments: 0
ModelComment: 0
